1.000000 0.000000 0.000000 0.000000 0.000000 1.000000 0.000000 0.000000 0.000000 0.000000 1.000000 0.000000
0.999997 -0.002074 -0.001333 0.002162 0.002073 0.999998 -0.000759 -0.013774 0.001334 0.000757 0.999999 0.615988
0.999994 -0.002566 -0.002303 0.001491 0.002562 0.999995 -0.001842 -0.027327 0.002308 0.001836 0.999996 1.219066
0.999989 -0.002626 -0.003786 -0.000948 0.002615 0.999993 -0.002843 -0.041181 0.003793 0.002833 0.999989 1.815237
0.999973 -0.004572 -0.005682 -0.001492 0.004547 0.999980 -0.004426 -0.055616 0.005702 0.004400 0.999974 2.405563
0.999951 -0.006800 -0.007196 -0.002283 0.006759 0.999960 -0.005809 -0.070436 0.007235 0.005760 0.999957 2.997532
0.999931 -0.008028 -0.008552 -0.005458 0.007974 0.999948 -0.006326 -0.085698 0.008602 0.006257 0.999943 3.595835
0.999919 -0.008140 -0.009789 -0.011270 0.008089 0.999953 -0.005264 -0.101005 0.009831 0.005184 0.999938 4.203699
0.999908 -0.008416 -0.010628 -0.017017 0.008364 0.999953 -0.004992 -0.114733 0.010669 0.004903 0.999931 4.803304
0.999904 -0.007708 -0.011516 -0.025138 0.007628 0.999946 -0.007011 -0.127241 0.011569 0.006923 0.999909 5.401091
0.999904 -0.006048 -0.012464 -0.035669 0.005919 0.999929 -0.010364 -0.139719 0.012526 0.010289 0.999868 6.000477
0.999898 -0.004546 -0.013556 -0.046837 0.004358 0.999895 -0.013801 -0.153175 0.013618 0.013740 0.999813 6.606436
0.999890 -0.003117 -0.014506 -0.058540 0.002910 0.999895 -0.014220 -0.168029 0.014549 0.014176 0.999794 7.229731
0.999888 -0.000713 -0.014941 -0.072102 0.000591 0.999967 -0.008156 -0.184204 0.014946 0.008146 0.999855 7.879972
0.999882 0.000476 -0.015331 -0.083810 -0.000440 0.999997 0.002354 -0.200716 0.015332 -0.002347 0.999880 8.551043
0.999884 0.001927 -0.015119 -0.095907 -0.001768 0.999943 0.010525 -0.210965 0.015138 -0.010497 0.999830 9.241229
0.999864 0.004311 -0.015912 -0.111230 -0.004145 0.999937 0.010447 -0.215964 0.015956 -0.010379 0.999819 9.940297
0.999837 0.006470 -0.016854 -0.127694 -0.006436 0.999977 0.002101 -0.219414 0.016867 -0.001992 0.999856 10.644429
0.999826 0.005863 -0.017707 -0.140191 -0.005964 0.999966 -0.005670 -0.226162 0.017673 0.005775 0.999827 11.359369
0.999814 0.003842 -0.018891 -0.151089 -0.003930 0.999981 -0.004654 -0.235767 0.018872 0.004727 0.999811 12.107878
0.999805 0.003385 -0.019441 -0.164962 -0.003294 0.999984 0.004682 -0.246150 0.019457 -0.004617 0.999800 12.889308
0.999804 0.003102 -0.019547 -0.179623 -0.002848 0.999912 0.012991 -0.252016 0.019586 -0.012933 0.999724 13.688523
0.999799 0.002225 -0.019915 -0.194242 -0.001901 0.999866 0.016248 -0.252283 0.019948 -0.016207 0.999670 14.499406
0.999790 0.000228 -0.020480 -0.207982 0.000087 0.999881 0.015401 -0.250400 0.020481 -0.015400 0.999671 15.325476
0.999792 -0.000361 -0.020393 -0.224347 0.000628 0.999914 0.013064 -0.248502 0.020387 -0.013074 0.999707 16.166504
0.999802 0.002010 -0.019807 -0.245403 -0.001810 0.999947 0.010107 -0.246920 0.019826 -0.010069 0.999753 17.020529
0.999825 -0.000681 -0.018681 -0.256609 0.000779 0.999986 0.005238 -0.247030 0.018677 -0.005252 0.999812 17.880009
0.999831 -0.003569 -0.018016 -0.267158 0.003558 0.999993 -0.000641 -0.249591 0.018019 0.000576 0.999837 18.749243
0.999848 -0.003323 -0.017121 -0.282861 0.003214 0.999975 -0.006342 -0.258421 0.017141 0.006286 0.999833 19.656335
0.999863 -0.001943 -0.016430 -0.300134 0.001825 0.999972 -0.007190 -0.270619 0.016444 0.007159 0.999839 20.590596
0.999867 -0.001692 -0.016204 -0.315570 0.001597 0.999982 -0.005858 -0.284958 0.016214 0.005831 0.999851 21.543286
0.999871 -0.000277 -0.016041 -0.333117 0.000168 0.999977 -0.006786 -0.300345 0.016042 0.006782 0.999848 22.503461
0.999871 0.002357 -0.015902 -0.352911 -0.002501 0.999956 -0.009027 -0.317230 0.015880 0.009065 0.999833 23.469854
0.999860 0.005725 -0.015710 -0.373769 -0.005876 0.999937 -0.009581 -0.337301 0.015654 0.009672 0.999831 24.446552
0.999853 0.007712 -0.015311 -0.391959 -0.007856 0.999925 -0.009358 -0.358118 0.015238 0.009477 0.999839 25.429728
0.999847 0.008602 -0.015263 -0.408386 -0.008744 0.999919 -0.009251 -0.380827 0.015182 0.009383 0.999841 26.425325
0.999844 0.008793 -0.015355 -0.423805 -0.008938 0.999916 -0.009388 -0.403742 0.015271 0.009524 0.999838 27.427454
0.999834 0.009686 -0.015473 -0.440735 -0.009818 0.999916 -0.008481 -0.426971 0.015390 0.008632 0.999844 28.438953
0.999823 0.010454 -0.015659 -0.457859 -0.010562 0.999921 -0.006854 -0.449910 0.015587 0.007018 0.999854 29.457593
0.999811 0.011191 -0.015935 -0.475300 -0.011283 0.999920 -0.005678 -0.471886 0.015870 0.005857 0.999857 30.479710
0.999811 0.011155 -0.015962 -0.491528 -0.011261 0.999915 -0.006546 -0.493805 0.015887 0.006724 0.999851 31.500445
0.999797 0.012409 -0.015872 -0.509934 -0.012535 0.999891 -0.007857 -0.515233 0.015773 0.008054 0.999843 32.525726
0.999794 0.012402 -0.016079 -0.526526 -0.012519 0.999896 -0.007160 -0.537095 0.015989 0.007360 0.999845 33.558811
0.999791 0.012107 -0.016495 -0.543105 -0.012189 0.999914 -0.004853 -0.558296 0.016434 0.005053 0.999852 34.603580
0.999781 0.012548 -0.016737 -0.561275 -0.012576 0.999920 -0.001568 -0.577564 0.016716 0.001778 0.999859 35.656274
0.999771 0.012800 -0.017180 -0.579518 -0.012788 0.999918 0.000821 -0.594355 0.017190 -0.000601 0.999852 36.714061
0.999765 0.012675 -0.017614 -0.597798 -0.012656 0.999919 0.001176 -0.609535 0.017628 -0.000953 0.999844 37.776359
0.999761 0.012222 -0.018140 -0.616329 -0.012232 0.999925 -0.000427 -0.624447 0.018133 0.000648 0.999835 38.841184
0.999746 0.012500 -0.018737 -0.636868 -0.012521 0.999921 -0.001020 -0.639974 0.018722 0.001255 0.999824 39.909747
0.999741 0.012214 -0.019231 -0.657096 -0.012218 0.999925 -0.000077 -0.656323 0.019228 0.000312 0.999815 40.978769
0.999725 0.012174 -0.020023 -0.678662 -0.012140 0.999925 0.001806 -0.672714 0.020044 -0.001562 0.999798 42.045385
0.999716 0.012172 -0.020477 -0.700957 -0.012094 0.999919 0.003923 -0.688283 0.020523 -0.003674 0.999783 43.126900
0.999691 0.013606 -0.020818 -0.726203 -0.013516 0.999899 0.004440 -0.703196 0.020876 -0.004158 0.999774 44.205938
0.999672 0.014615 -0.021053 -0.751199 -0.014607 0.999893 0.000533 -0.718776 0.021058 -0.000225 0.999778 45.276234
0.999653 0.015892 -0.020991 -0.776676 -0.015973 0.999866 -0.003695 -0.736800 0.020929 0.004029 0.999773 46.343208
0.999645 0.016825 -0.020678 -0.800992 -0.016919 0.999847 -0.004355 -0.756476 0.020601 0.004703 0.999777 47.418404
0.999651 0.016925 -0.020300 -0.823400 -0.016964 0.999855 -0.001724 -0.776523 0.020268 0.002068 0.999793 48.496721
0.999646 0.017604 -0.019941 -0.846485 -0.017599 0.999845 0.000423 -0.795743 0.019945 -0.000071 0.999801 49.572700
0.999681 0.015615 -0.019873 -0.865230 -0.015587 0.999877 0.001587 -0.814397 0.019896 -0.001276 0.999801 50.645114
0.999683 0.015854 -0.019585 -0.887331 -0.015833 0.999874 0.001192 -0.832730 0.019602 -0.000882 0.999808 51.713382
0.999717 0.013912 -0.019321 -0.905774 -0.013934 0.999903 -0.001004 -0.851404 0.019305 0.001273 0.999813 52.797357
0.999715 0.014675 -0.018824 -0.928157 -0.014741 0.999886 -0.003386 -0.871538 0.018773 0.003663 0.999817 53.882698
0.999732 0.013712 -0.018661 -0.947429 -0.013811 0.999891 -0.005176 -0.893941 0.018588 0.005432 0.999813 54.964739
0.999751 0.012419 -0.018549 -0.966057 -0.012570 0.999889 -0.008068 -0.918288 0.018447 0.008299 0.999796 56.037625
0.999772 0.010786 -0.018427 -0.983312 -0.010969 0.999891 -0.009902 -0.944460 0.018318 0.010102 0.999781 57.101518
0.999797 0.009294 -0.017907 -1.000057 -0.009438 0.999924 -0.007984 -0.971106 0.017831 0.008152 0.999808 58.168925
0.999813 0.008104 -0.017579 -1.016913 -0.008151 0.999964 -0.002608 -0.996709 0.017557 0.002751 0.999842 59.244395
0.999830 0.006961 -0.017096 -1.033563 -0.006904 0.999970 0.003426 -1.018150 0.017119 -0.003307 0.999848 60.338093
0.999848 0.005340 -0.016595 -1.049214 -0.005261 0.999975 0.004853 -1.035447 0.016620 -0.004765 0.999851 61.428649
0.999866 0.002266 -0.016239 -1.062307 -0.002248 0.999997 0.001155 -1.051715 0.016242 -0.001119 0.999868 62.512191
0.999870 0.000283 -0.016126 -1.076997 -0.000322 0.999997 -0.002434 -1.070210 0.016126 0.002439 0.999867 63.594434
0.999870 0.002248 -0.015969 -1.098124 -0.002340 0.999981 -0.005779 -1.091039 0.015955 0.005816 0.999856 64.673352
0.999871 0.001606 -0.015994 -1.114888 -0.001776 0.999942 -0.010614 -1.114921 0.015976 0.010641 0.999816 65.746966
0.999871 0.004409 -0.015422 -1.136657 -0.004582 0.999927 -0.011192 -1.141496 0.015372 0.011261 0.999819 66.825258
0.999856 0.009038 -0.014350 -1.160458 -0.009141 0.999933 -0.007134 -1.168127 0.014284 0.007265 0.999872 67.910720
0.999849 0.010676 -0.013750 -1.178635 -0.010743 0.999931 -0.004812 -1.193698 0.013698 0.004959 0.999894 68.990057
0.999858 0.009866 -0.013681 -1.192589 -0.009930 0.999940 -0.004656 -1.218543 0.013634 0.004791 0.999896 70.065198
0.999873 0.008509 -0.013490 -1.205578 -0.008565 0.999955 -0.004100 -1.243243 0.013454 0.004215 0.999901 71.140228
0.999879 0.007393 -0.013682 -1.219112 -0.007435 0.999968 -0.003058 -1.267025 0.013659 0.003159 0.999902 72.216714
0.999887 0.006093 -0.013775 -1.232242 -0.006116 0.999980 -0.001599 -1.290382 0.013765 0.001683 0.999904 73.295662
0.999885 0.005123 -0.014264 -1.246818 -0.005122 0.999987 0.000105 -1.313209 0.014264 -0.000031 0.999898 74.393482
0.999882 0.004577 -0.014691 -1.262595 -0.004594 0.999989 -0.001134 -1.336088 0.014686 0.001201 0.999892 75.484329
0.999875 0.005000 -0.015035 -1.280329 -0.005075 0.999975 -0.004892 -1.360562 0.015010 0.004967 0.999875 76.569191
0.999865 0.005477 -0.015514 -1.298578 -0.005588 0.999959 -0.007086 -1.387101 0.015474 0.007171 0.999855 77.654886
0.999843 0.007425 -0.016068 -1.319882 -0.007515 0.999956 -0.005547 -1.414114 0.016026 0.005667 0.999856 78.745810
0.999829 0.008316 -0.016551 -1.339690 -0.008345 0.999964 -0.001703 -1.440332 0.016536 0.001841 0.999862 79.837275
0.999810 0.009672 -0.016938 -1.360819 -0.009633 0.999951 0.002388 -1.464112 0.016961 -0.002224 0.999854 80.927888
0.999799 0.010662 -0.016989 -1.381365 -0.010606 0.999938 0.003360 -1.486090 0.017024 -0.003179 0.999850 82.010872
0.999794 0.010543 -0.017355 -1.400748 -0.010526 0.999944 0.001064 -1.506790 0.017366 -0.000881 0.999849 83.083747
0.999786 0.010413 -0.017893 -1.420533 -0.010415 0.999946 -0.000051 -1.528512 0.017891 0.000238 0.999840 84.149528
0.999783 0.009990 -0.018270 -1.439649 -0.009991 0.999950 0.000051 -1.550721 0.018269 0.000131 0.999833 85.205650
0.999780 0.008922 -0.018977 -1.458013 -0.008917 0.999960 0.000370 -1.573467 0.018980 -0.000201 0.999820 86.244159
0.999774 0.007555 -0.019850 -1.476592 -0.007523 0.999970 0.001681 -1.596557 0.019862 -0.001532 0.999802 87.269353
0.999765 0.007509 -0.020333 -1.497302 -0.007419 0.999962 0.004510 -1.617749 0.020366 -0.004358 0.999783 88.288898
0.999755 0.006909 -0.021046 -1.517485 -0.006782 0.999958 0.006105 -1.637589 0.021087 -0.005960 0.999760 89.287973
0.999725 0.005937 -0.022682 -1.538358 -0.005793 0.999963 0.006401 -1.657074 0.022719 -0.006268 0.999722 90.267390
0.999661 0.005248 -0.025517 -1.562042 -0.005102 0.999970 0.005774 -1.676295 0.025546 -0.005642 0.999658 91.227578
0.999571 0.005264 -0.028801 -1.589491 -0.005128 0.999975 0.004804 -1.695664 0.028826 -0.004654 0.999574 92.163603
0.999477 0.004986 -0.031958 -1.618915 -0.004838 0.999977 0.004708 -1.715797 0.031981 -0.004551 0.999478 93.080215
0.999362 0.006056 -0.035199 -1.653132 -0.005843 0.999964 0.006137 -1.736053 0.035235 -0.005927 0.999362 93.978016
0.999233 0.007111 -0.038509 -1.689830 -0.006836 0.999950 0.007267 -1.756019 0.038559 -0.006998 0.999232 94.854027
0.999082 0.008278 -0.042020 -1.729279 -0.007931 0.999933 0.008427 -1.775585 0.042087 -0.008086 0.999081 95.710148
0.998947 0.009780 -0.044825 -1.769837 -0.009365 0.999911 0.009461 -1.793596 0.044914 -0.009031 0.998950 96.529479
0.998802 0.011829 -0.047472 -1.812654 -0.011348 0.999882 0.010389 -1.810427 0.047590 -0.009838 0.998819 97.330003
0.998658 0.013740 -0.049934 -1.856335 -0.013270 0.999864 0.009732 -1.827508 0.050061 -0.009056 0.998705 98.107253
0.998515 0.015221 -0.052310 -1.900013 -0.014904 0.999868 0.006442 -1.846200 0.052401 -0.005653 0.998610 98.856527
0.998348 0.017597 -0.054701 -1.944337 -0.017507 0.999844 0.002125 -1.865007 0.054729 -0.001164 0.998501 99.557584
0.998162 0.019796 -0.057274 -1.988545 -0.019884 0.999802 -0.000962 -1.885311 0.057243 0.002099 0.998358 100.237092
0.998065 0.021573 -0.058324 -2.030469 -0.021723 0.999762 -0.001936 -1.907640 0.058268 0.003199 0.998296 100.896007
0.998072 0.023752 -0.057336 -2.070081 -0.023861 0.999715 -0.001201 -1.931144 0.057292 0.002567 0.998354 101.534837
0.998167 0.027299 -0.054010 -2.107703 -0.027312 0.999627 0.000501 -1.954761 0.054004 0.000975 0.998540 102.154349
0.998400 0.029973 -0.047940 -2.137780 -0.029912 0.999551 0.001990 -1.978390 0.047978 -0.000553 0.998848 102.753724
0.998722 0.030821 -0.040062 -2.157104 -0.030706 0.999522 0.003491 -1.998051 0.040151 -0.002256 0.999191 103.306663
0.999073 0.030741 -0.030131 -2.167047 -0.030592 0.999517 0.005388 -2.015445 0.030282 -0.004461 0.999532 103.830730
0.999375 0.030433 -0.018010 -2.168077 -0.030321 0.999519 0.006464 -2.032027 0.018198 -0.005914 0.999817 104.331006
0.999545 0.029876 -0.004054 -2.160008 -0.029850 0.999534 0.006416 -2.048455 0.004244 -0.006292 0.999971 104.810840
0.999484 0.029925 0.011715 -2.144059 -0.029990 0.999536 0.005381 -2.064661 -0.011549 -0.005729 0.999917 105.273385
0.999158 0.028896 0.029135 -2.117099 -0.028971 0.999578 0.002156 -2.079928 -0.029061 -0.002998 0.999573 105.717373
0.998368 0.028603 0.049423 -2.080383 -0.028502 0.999590 -0.002742 -2.093475 -0.049482 0.001329 0.998774 106.148669
0.996985 0.026887 0.072783 -2.029387 -0.026377 0.999621 -0.007949 -2.107012 -0.072969 0.006005 0.997316 106.566277
0.994760 0.025084 0.099109 -1.965527 -0.024037 0.999642 -0.011746 -2.121418 -0.099368 0.009303 0.995008 106.976153
0.991464 0.022832 0.128365 -1.887394 -0.021243 0.999680 -0.013735 -2.137254 -0.128638 0.010891 0.991632 107.376919
0.986903 0.020826 0.159966 -1.796015 -0.018486 0.999700 -0.016101 -2.154125 -0.160254 0.012933 0.986991 107.765856
0.980655 0.018533 0.194864 -1.688139 -0.015267 0.999717 -0.018249 -2.172310 -0.195147 0.014921 0.980661 108.149415
0.972341 0.015529 0.233050 -1.561912 -0.011309 0.999747 -0.019435 -2.192110 -0.233293 0.016262 0.972271 108.528549
0.961788 0.013346 0.273471 -1.419796 -0.007917 0.999749 -0.020946 -2.213029 -0.273682 0.017981 0.961653 108.900737
0.948807 0.014020 0.315547 -1.270041 -0.007051 0.999706 -0.023217 -2.232654 -0.315779 0.019803 0.948626 109.247386
0.933030 0.016833 0.359404 -1.107103 -0.008343 0.999649 -0.025160 -2.251488 -0.359701 0.020476 0.932843 109.585442
0.914533 0.017146 0.404149 -0.922718 -0.007487 0.999648 -0.025468 -2.271377 -0.404443 0.020265 0.914339 109.914187
0.893682 0.016756 0.448388 -0.722198 -0.006052 0.999662 -0.025296 -2.291668 -0.448661 0.019893 0.893481 110.230542
0.870157 0.015356 0.492536 -0.510015 -0.002904 0.999657 -0.026037 -2.312573 -0.492766 0.021226 0.869903 110.520083
0.844467 0.015635 0.535379 -0.286044 -0.000492 0.999596 -0.028416 -2.332491 -0.535607 0.023733 0.844134 110.797696
0.816621 0.018430 0.576880 -0.053760 0.000434 0.999470 -0.032545 -2.351457 -0.577174 0.026827 0.816181 111.061404
0.786270 0.023542 0.617434 0.190419 -0.000555 0.999300 -0.037396 -2.370142 -0.617883 0.029061 0.785733 111.317624
0.752629 0.029908 0.657766 0.451172 -0.002931 0.999110 -0.042075 -2.389663 -0.658439 0.029738 0.752047 111.567911
0.715381 0.035480 0.697833 0.731840 -0.005116 0.998949 -0.045545 -2.410963 -0.698716 0.029011 0.714811 111.808892
0.675272 0.036472 0.736666 1.041340 -0.002699 0.998892 -0.046981 -2.435258 -0.737564 0.029737 0.674623 112.036988
0.634062 0.034581 0.772508 1.369492 0.002645 0.998897 -0.046886 -2.460959 -0.773278 0.031772 0.633271 112.247339
0.589784 0.033930 0.806848 1.707465 0.004038 0.998981 -0.044961 -2.486372 -0.807551 0.029775 0.589046 112.445685
0.543442 0.032470 0.838819 2.060058 0.006346 0.999064 -0.042784 -2.512221 -0.839423 0.028573 0.542727 112.625026
0.495343 0.030633 0.868157 2.427151 0.008833 0.999149 -0.040295 -2.537701 -0.868653 0.027628 0.494651 112.786674
0.444850 0.027000 0.895198 2.808050 0.012478 0.999262 -0.036339 -2.563109 -0.895518 0.027335 0.444185 112.926244
0.392726 0.027136 0.919255 3.194598 0.011199 0.999349 -0.034285 -2.585989 -0.919588 0.023760 0.392167 113.052857
0.340562 0.032219 0.939670 3.590660 0.007370 0.999291 -0.036934 -2.606793 -0.940194 0.019504 0.340083 113.165236
0.289322 0.038218 0.956468 3.999311 0.007895 0.999074 -0.042309 -2.627999 -0.957199 0.019792 0.288753 113.252856
0.240500 0.041075 0.969780 4.424790 0.010154 0.998943 -0.044828 -2.650324 -0.970596 0.020628 0.239829 113.322292
0.196088 0.041181 0.979721 4.862863 0.018003 0.998798 -0.045586 -2.673669 -0.980421 0.026577 0.195111 113.367255
0.159491 0.041552 0.986324 5.295883 0.027627 0.998535 -0.046534 -2.693687 -0.986813 0.034671 0.158110 113.395957
0.128569 0.044012 0.990723 5.731077 0.033690 0.998244 -0.048718 -2.713052 -0.991129 0.039641 0.126860 113.420926
0.101052 0.043737 0.993919 6.184456 0.032898 0.998340 -0.047276 -2.734270 -0.994337 0.037476 0.099446 113.450253
0.076374 0.040940 0.996238 6.661983 0.027014 0.998705 -0.043113 -2.757363 -0.996714 0.030205 0.075169 113.481635
0.053640 0.036546 0.997891 7.161575 0.022511 0.999032 -0.037798 -2.781920 -0.998307 0.024491 0.052765 113.502723
0.032681 0.033351 0.998909 7.693669 0.025788 0.999082 -0.034201 -2.806535 -0.999133 0.026877 0.031791 113.502433
0.014398 0.033954 0.999320 8.249887 0.033554 0.998844 -0.034422 -2.829312 -0.999334 0.034026 0.013242 113.487382
-0.002921 0.036626 0.999325 8.824409 0.039140 0.998568 -0.036484 -2.852448 -0.999230 0.039007 -0.004351 113.466827
-0.017580 0.043514 0.998898 9.406126 0.041107 0.998239 -0.042762 -2.876649 -0.999000 0.040310 -0.019337 113.445011
-0.029320 0.048172 0.998409 10.009753 0.039026 0.998132 -0.047012 -2.903777 -0.998808 0.037586 -0.031145 113.424544
-0.036290 0.048096 0.998183 10.641681 0.041080 0.998069 -0.046597 -2.934856 -0.998497 0.039314 -0.038195 113.393439
-0.039098 0.044444 0.998246 11.296597 0.046259 0.998020 -0.042622 -2.967415 -0.998164 0.044512 -0.041077 113.355793
-0.039292 0.042936 0.998305 11.964893 0.049039 0.997956 -0.040991 -3.000400 -0.998024 0.047345 -0.041317 113.322356
-0.037382 0.042026 0.998417 12.650127 0.048766 0.998002 -0.040182 -3.034121 -0.998111 0.047187 -0.039357 113.295700
-0.035516 0.041911 0.998490 13.350040 0.044826 0.998182 -0.040303 -3.068264 -0.998364 0.043327 -0.037330 113.276659
-0.033666 0.043165 0.998500 14.063413 0.044115 0.998158 -0.041663 -3.102845 -0.998459 0.042646 -0.035509 113.252945
-0.032057 0.043468 0.998540 14.796629 0.043509 0.998168 -0.042055 -3.137725 -0.998539 0.042098 -0.033889 113.229470
-0.030760 0.042906 0.998605 15.553926 0.043257 0.998200 -0.041556 -3.176259 -0.998591 0.041918 -0.032561 113.205329
-0.029936 0.041552 0.998688 16.332546 0.041863 0.998311 -0.040282 -3.216936 -0.998675 0.040602 -0.031625 113.182945
-0.029201 0.040276 0.998762 17.118864 0.042401 0.998339 -0.039020 -3.257926 -0.998674 0.041209 -0.030860 113.157443
-0.029331 0.038257 0.998837 17.916296 0.043102 0.998387 -0.036974 -3.298946 -0.998640 0.041968 -0.030932 113.130970
-0.030316 0.036759 0.998864 18.721533 0.041100 0.998524 -0.035499 -3.339039 -0.998695 0.039977 -0.031782 113.108208
-0.031470 0.036426 0.998841 19.536542 0.039530 0.998599 -0.035172 -3.379461 -0.998723 0.038377 -0.032865 113.083519
-0.032633 0.034323 0.998878 20.362665 0.041546 0.998593 -0.032956 -3.419965 -0.998604 0.040424 -0.034013 113.051094
-0.033787 0.032799 0.998891 21.197255 0.044026 0.998540 -0.031298 -3.459057 -0.998459 0.042920 -0.035182 113.016463
-0.035903 0.030670 0.998884 22.050331 0.040401 0.998757 -0.029214 -3.499229 -0.998539 0.039307 -0.037098 112.990164
-0.036927 0.035936 0.998672 22.891531 0.037780 0.998689 -0.034540 -3.540971 -0.998604 0.036454 -0.038237 112.962234
-0.037835 0.041103 0.998438 23.732889 0.038900 0.998457 -0.039629 -3.584520 -0.998527 0.037340 -0.039375 112.927063
-0.038913 0.042947 0.998319 24.581305 0.039486 0.998362 -0.041409 -3.630254 -0.998463 0.037808 -0.040545 112.891307
-0.040583 0.040954 0.998336 25.437055 0.036450 0.998556 -0.039481 -3.677054 -0.998512 0.034787 -0.042017 112.859969
-0.042199 0.036832 0.998430 26.293876 0.033444 0.998813 -0.035432 -3.723682 -0.998550 0.031896 -0.043380 112.827215
-0.042951 0.032089 0.998562 27.150973 0.031700 0.999025 -0.030740 -3.768957 -0.998575 0.030334 -0.043927 112.791774
-0.043544 0.027347 0.998677 28.013238 0.028877 0.999242 -0.026104 -3.811496 -0.998635 0.027702 -0.044301 112.757484
-0.043972 0.025497 0.998707 28.878638 0.025936 0.999367 -0.024372 -3.853196 -0.998697 0.024831 -0.044605 112.723476
-0.043343 0.030759 0.998587 29.729339 0.027788 0.999177 -0.029571 -3.894976 -0.998674 0.026467 -0.044162 112.682627
-0.041758 0.043300 0.998189 30.569171 0.030128 0.998661 -0.042060 -3.941614 -0.998674 0.028317 -0.043007 112.642567
-0.040841 0.049828 0.997922 31.418579 0.032278 0.998301 -0.048526 -3.993350 -0.998645 0.030229 -0.042380 112.602770
-0.039927 0.044529 0.998210 32.289080 0.033593 0.998502 -0.043198 -4.047076 -0.998638 0.031809 -0.041363 112.563860
-0.038900 0.036285 0.998584 33.160298 0.035980 0.998744 -0.034889 -4.099779 -0.998596 0.034572 -0.040157 112.523910
-0.038483 0.033150 0.998709 34.017476 0.037457 0.998795 -0.031710 -4.147947 -0.998557 0.036188 -0.039678 112.486541
-0.038443 0.033800 0.998689 34.863626 0.036626 0.998804 -0.032394 -4.194084 -0.998590 0.035333 -0.039635 112.453795
-0.039242 0.034862 0.998621 35.706657 0.033688 0.998870 -0.033547 -4.239999 -0.998662 0.032325 -0.040372 112.424303
-0.040991 0.035281 0.998536 36.546968 0.031660 0.998921 -0.033995 -4.286403 -0.998658 0.030220 -0.042063 112.391910
-0.042987 0.035005 0.998462 37.380485 0.031032 0.998951 -0.033686 -4.332141 -0.998594 0.029536 -0.044029 112.355629
-0.045252 0.035867 0.998331 38.199423 0.030275 0.998946 -0.034517 -4.378075 -0.998517 0.028663 -0.046290 112.318307
-0.047582 0.036664 0.998194 39.007957 0.028671 0.998965 -0.035325 -4.423549 -0.998456 0.026939 -0.048584 112.281026
-0.049915 0.035721 0.998114 39.814045 0.026712 0.999051 -0.034419 -4.469132 -0.998397 0.024944 -0.050822 112.242534
-0.052062 0.034402 0.998051 40.614187 0.027208 0.999085 -0.033019 -4.514829 -0.998274 0.025436 -0.052950 112.198257
-0.054177 0.034405 0.997938 41.406798 0.027060 0.999090 -0.032975 -4.560377 -0.998165 0.025218 -0.055059 112.153785
-0.056253 0.035653 0.997780 42.194457 0.026954 0.999053 -0.034179 -4.606090 -0.998053 0.024971 -0.057161 112.107894
-0.057498 0.036095 0.997693 42.981534 0.027619 0.999022 -0.034551 -4.651907 -0.997964 0.025569 -0.058438 112.059809
-0.058757 0.034625 0.997672 43.761067 0.029687 0.999017 -0.032923 -4.695972 -0.997831 0.027683 -0.059727 112.008759
-0.060162 0.033725 0.997619 44.544028 0.029850 0.999043 -0.031973 -4.739630 -0.997743 0.027855 -0.061111 111.959653
-0.061479 0.033282 0.997553 45.316918 0.028969 0.999083 -0.031547 -4.782184 -0.997688 0.026959 -0.062387 111.912034
-0.063032 0.032338 0.997487 46.081739 0.027192 0.999160 -0.030674 -4.824707 -0.997641 0.025190 -0.063858 111.865228
-0.064331 0.031367 0.997436 46.834057 0.026057 0.999218 -0.029742 -4.867374 -0.997589 0.024076 -0.065098 111.817161
-0.065434 0.030619 0.997387 47.572523 0.025979 0.999243 -0.028972 -4.910032 -0.997519 0.024015 -0.066180 111.767330
-0.066161 0.032625 0.997275 48.298860 0.026178 0.999178 -0.030951 -4.952569 -0.997466 0.024059 -0.066960 111.717464
-0.066546 0.035386 0.997156 49.022055 0.026518 0.999081 -0.033684 -4.995254 -0.997431 0.024201 -0.067424 111.667447
-0.066908 0.036945 0.997075 49.747909 0.024707 0.999069 -0.035361 -5.037906 -0.997454 0.022269 -0.067758 111.620836
-0.067275 0.037740 0.997020 50.474950 0.025476 0.999024 -0.036097 -5.080871 -0.997410 0.022971 -0.068171 111.569263
-0.067539 0.037468 0.997013 51.183570 0.026581 0.999008 -0.035742 -5.121791 -0.997363 0.024088 -0.068468 111.518341
-0.067845 0.036904 0.997013 51.886020 0.027424 0.999007 -0.035111 -5.162052 -0.997319 0.024960 -0.068790 111.467859
-0.068488 0.037222 0.996957 52.582747 0.023962 0.999077 -0.035655 -5.201428 -0.997365 0.021447 -0.069317 111.424926
-0.068924 0.037046 0.996934 53.278590 0.021206 0.999139 -0.035662 -5.241001 -0.997397 0.018683 -0.069650 111.380726
-0.068924 0.035743 0.996981 53.975584 0.022815 0.999153 -0.034244 -5.280867 -0.997361 0.020386 -0.069682 111.328907
-0.069859 0.035445 0.996927 54.670570 0.023529 0.999149 -0.033875 -5.320258 -0.997280 0.021090 -0.070633 111.277732
-0.073282 0.034682 0.996708 55.367976 0.021076 0.999226 -0.033220 -5.359344 -0.997089 0.018572 -0.073956 111.228822
-0.078920 0.033971 0.996302 56.069987 0.017409 0.999314 -0.032695 -5.398126 -0.996729 0.014764 -0.079457 111.177081
-0.085004 0.038170 0.995649 56.754411 0.020772 0.999117 -0.036529 -5.436907 -0.996164 0.017577 -0.085722 111.110636
-0.091435 0.041817 0.994933 57.442783 0.023889 0.998923 -0.039790 -5.476475 -0.995525 0.020129 -0.092335 111.039217
-0.099227 0.043500 0.994113 58.139184 0.023308 0.998872 -0.041382 -5.517212 -0.994792 0.019065 -0.100129 110.967330
-0.106310 0.042643 0.993418 58.845999 0.020122 0.998968 -0.040727 -5.558487 -0.994130 0.015660 -0.107059 110.894229
-0.112432 0.040542 0.992832 59.560525 0.019355 0.999067 -0.038604 -5.599979 -0.993471 0.014876 -0.113112 110.811946
-0.117460 0.041443 0.992213 60.278518 0.017431 0.999061 -0.039666 -5.641451 -0.992925 0.012636 -0.118072 110.728167
-0.121853 0.041310 0.991688 61.004737 0.015155 0.999095 -0.039756 -5.682885 -0.992433 0.010184 -0.122368 110.641001
-0.125152 0.039013 0.991370 61.744445 0.015630 0.999180 -0.037347 -5.724718 -0.992015 0.010821 -0.125659 110.545017
-0.127296 0.036250 0.991202 62.492111 0.017457 0.999259 -0.034303 -5.765640 -0.991711 0.012937 -0.127835 110.444219
-0.129177 0.033247 0.991064 63.251744 0.017052 0.999365 -0.031303 -5.804498 -0.991475 0.012856 -0.129662 110.344504
-0.130786 0.033720 0.990837 64.018706 0.016511 0.999357 -0.031830 -5.842419 -0.991273 0.012197 -0.131259 110.243116
-0.131032 0.036632 0.990701 64.777476 0.017606 0.999246 -0.034619 -5.880945 -0.991222 0.012906 -0.131578 110.140355
-0.130841 0.040446 0.990578 65.535809 0.023039 0.999022 -0.037747 -5.919649 -0.991136 0.017883 -0.131645 110.030331
-0.131051 0.044744 0.990365 66.298556 0.030494 0.998690 -0.041084 -5.961115 -0.990907 0.024816 -0.132243 109.915554
-0.131634 0.047233 0.990172 67.062552 0.031793 0.998552 -0.043406 -6.005696 -0.990789 0.025767 -0.132945 109.809995
-0.132570 0.045124 0.990146 67.836641 0.029814 0.998693 -0.041522 -6.051807 -0.990725 0.024016 -0.133742 109.707925
-0.132638 0.039995 0.990357 68.616099 0.028728 0.998921 -0.036493 -6.098013 -0.990748 0.023611 -0.133644 109.603656
-0.132466 0.037909 0.990462 69.387711 0.030879 0.998941 -0.034104 -6.142506 -0.990707 0.026066 -0.133496 109.495178
-0.133154 0.037801 0.990374 70.158925 0.031320 0.998934 -0.033917 -6.186130 -0.990601 0.026503 -0.134196 109.389007
-0.134828 0.038677 0.990114 70.917451 0.029727 0.998946 -0.034974 -6.229223 -0.990423 0.024718 -0.135836 109.286838
-0.136808 0.039908 0.989793 71.669974 0.029296 0.998914 -0.036227 -6.272249 -0.990165 0.024041 -0.137828 109.181801
-0.139021 0.039509 0.989501 72.424104 0.029893 0.998916 -0.035685 -6.315647 -0.989838 0.024619 -0.140051 109.072785
-0.140981 0.039898 0.989208 73.175653 0.030753 0.998882 -0.035906 -6.358529 -0.989535 0.025359 -0.142050 108.962233
-0.143238 0.039687 0.988892 73.933464 0.030575 0.998896 -0.035660 -6.400828 -0.989216 0.025128 -0.144293 108.850798
-0.145436 0.039736 0.988569 74.695834 0.028316 0.998951 -0.035987 -6.443102 -0.988963 0.022758 -0.146409 108.740805
-0.146964 0.041183 0.988284 75.460496 0.028575 0.998893 -0.037375 -6.485986 -0.988729 0.022748 -0.147978 108.625060
-0.147974 0.041538 0.988118 76.233125 0.027228 0.998910 -0.037914 -6.529234 -0.988617 0.021294 -0.148944 108.510446
-0.149193 0.041972 0.987917 77.008277 0.027323 0.998892 -0.038312 -6.572266 -0.988431 0.021277 -0.150175 108.391934
-0.150256 0.040044 0.987836 77.795938 0.027578 0.998960 -0.036301 -6.615049 -0.988263 0.021788 -0.151204 108.270283
-0.151481 0.038032 0.987728 78.589908 0.025764 0.999072 -0.034518 -6.657197 -0.988125 0.020219 -0.152321 108.150360
-0.153303 0.035670 0.987535 79.412060 0.022654 0.999213 -0.032575 -6.699323 -0.987920 0.017378 -0.153991 108.027082
-0.155407 0.034744 0.987239 80.239096 0.023152 0.999235 -0.031522 -6.740833 -0.987580 0.017958 -0.156092 107.894931
-0.157229 0.035208 0.986934 81.071829 0.024374 0.999198 -0.031763 -6.782008 -0.987262 0.019061 -0.157961 107.758957
-0.159825 0.036236 0.986480 81.916912 0.023695 0.999179 -0.032864 -6.824584 -0.986861 0.018122 -0.160552 107.622127
-0.161376 0.038609 0.986137 82.764312 0.024621 0.999081 -0.035087 -6.867563 -0.986586 0.018617 -0.162178 107.480920
-0.161601 0.042636 0.985935 83.612506 0.026817 0.998887 -0.038801 -6.911974 -0.986492 0.020169 -0.162564 107.337119
-0.162753 0.046169 0.985586 84.462567 0.028158 0.998715 -0.042134 -6.958541 -0.986265 0.020894 -0.163844 107.193092
-0.162827 0.046862 0.985541 85.319473 0.029778 0.998650 -0.042566 -7.006618 -0.986205 0.022416 -0.164002 107.047149
-0.162437 0.046038 0.985644 86.182248 0.033887 0.998582 -0.041058 -7.054930 -0.986137 0.026731 -0.163766 106.896211
-0.162394 0.044191 0.985736 87.055318 0.034520 0.998640 -0.039083 -7.104156 -0.986122 0.027681 -0.163699 106.749355
-0.162209 0.043307 0.985806 87.935313 0.034131 0.998685 -0.038256 -7.153316 -0.986166 0.027441 -0.163474 106.603497
-0.161149 0.041235 0.986068 88.825123 0.032755 0.998800 -0.036415 -7.202564 -0.986387 0.026430 -0.162306 106.459074
-0.159560 0.038474 0.986438 89.722934 0.033572 0.998874 -0.033528 -7.250179 -0.986618 0.027767 -0.160672 106.311002
-0.157786 0.035611 0.986831 90.621664 0.033912 0.998956 -0.030626 -7.295248 -0.986891 0.028633 -0.158829 106.165046
-0.156280 0.034647 0.987105 91.515274 0.032591 0.999022 -0.029905 -7.338487 -0.987175 0.027497 -0.157257 106.024245
-0.154767 0.039149 0.987175 92.404422 0.033497 0.998848 -0.034361 -7.382493 -0.987383 0.027750 -0.155901 105.881767
-0.152872 0.046105 0.987170 93.292699 0.033676 0.998574 -0.041423 -7.429758 -0.987672 0.026911 -0.154206 105.742435
-0.151096 0.050738 0.987216 94.173022 0.032996 0.998384 -0.046262 -7.480687 -0.987969 0.025584 -0.152526 105.607222
-0.150119 0.048440 0.987480 95.063702 0.030663 0.998547 -0.044321 -7.533472 -0.988193 0.023625 -0.151386 105.474237
-0.149219 0.045582 0.987753 95.953475 0.031236 0.998656 -0.041367 -7.586148 -0.988311 0.024681 -0.150443 105.337140
-0.148642 0.044324 0.987897 96.840843 0.031824 0.998692 -0.040020 -7.637865 -0.988379 0.025490 -0.149858 105.200758
-0.147986 0.044937 0.987968 97.730678 0.031933 0.998664 -0.040640 -7.689892 -0.988474 0.025534 -0.149223 105.065522
-0.147852 0.044386 0.988013 98.625520 0.030964 0.998711 -0.040233 -7.742853 -0.988525 0.024644 -0.149036 104.931419
-0.147250 0.043895 0.988124 99.520846 0.033694 0.998658 -0.039342 -7.795296 -0.988525 0.027501 -0.148532 104.791384
-0.146241 0.042416 0.988339 100.419324 0.035627 0.998658 -0.037587 -7.847411 -0.988607 0.029715 -0.147556 104.652891
-0.145417 0.044690 0.988360 101.311982 0.038574 0.998476 -0.039471 -7.899069 -0.988618 0.032385 -0.146920 104.514427
-0.144547 0.046760 0.988392 102.207334 0.038925 0.998378 -0.041540 -7.952729 -0.988732 0.032469 -0.146133 104.380706
-0.143570 0.048272 0.988462 103.104169 0.036293 0.998395 -0.043485 -8.007434 -0.988975 0.029631 -0.145091 104.253174
-0.143450 0.045049 0.988631 104.009353 0.031701 0.998660 -0.040907 -8.062895 -0.989150 0.025472 -0.144686 104.128379
-0.143783 0.042004 0.988717 104.898457 0.026600 0.998902 -0.038568 -8.116152 -0.989252 0.020754 -0.144743 104.006529
-0.144902 0.042131 0.988548 105.771302 0.023371 0.998960 -0.039149 -8.168020 -0.989170 0.017430 -0.145736 103.883168
-0.146288 0.046396 0.988153 106.634588 0.020434 0.998828 -0.043872 -8.220399 -0.989031 0.013774 -0.147065 103.759625
-0.147145 0.049696 0.987865 107.495705 0.019469 0.998689 -0.047341 -8.274815 -0.988924 0.012267 -0.147920 103.632227
-0.147616 0.050050 0.987777 108.356406 0.020441 0.998660 -0.047547 -8.332627 -0.988834 0.013173 -0.148441 103.501218
-0.148064 0.049199 0.987753 109.212095 0.021551 0.998685 -0.046513 -8.390063 -0.988743 0.014401 -0.148929 103.370122
-0.148635 0.049574 0.987648 110.058647 0.022583 0.998653 -0.046728 -8.447613 -0.988634 0.015359 -0.149554 103.239970
-0.148950 0.051997 0.987476 110.894809 0.023750 0.998517 -0.048995 -8.505762 -0.988560 0.016155 -0.149964 103.110781
-0.149473 0.053488 0.987318 111.728856 0.023501 0.998446 -0.050533 -8.564553 -0.988487 0.015649 -0.150498 102.983721
-0.150735 0.053430 0.987129 112.560855 0.021948 0.998473 -0.050692 -8.623641 -0.988331 0.014025 -0.151678 102.858000
-0.153007 0.052167 0.986847 113.392528 0.020398 0.998560 -0.049624 -8.683029 -0.988015 0.012537 -0.153851 102.730316
-0.156296 0.052615 0.986308 114.219777 0.020132 0.998543 -0.050078 -8.743012 -0.987505 0.012030 -0.157128 102.598168
-0.159516 0.055035 0.985660 115.019827 0.019791 0.998423 -0.052545 -8.802813 -0.986997 0.011126 -0.160354 102.468200
-0.163114 0.056278 0.985001 115.814203 0.018682 0.998369 -0.053948 -8.862160 -0.986431 0.009602 -0.163899 102.337458
-0.166553 0.056311 0.984423 116.606603 0.018939 0.998367 -0.053905 -8.921722 -0.985851 0.009666 -0.167348 102.201658
-0.169676 0.055083 0.983959 117.398116 0.020197 0.998422 -0.052409 -8.981313 -0.985293 0.010980 -0.170520 102.061445
-0.172538 0.055721 0.983425 118.184011 0.021989 0.998368 -0.052710 -9.040773 -0.984758 0.012530 -0.173481 101.918800
-0.175192 0.058876 0.982772 118.962820 0.018462 0.998231 -0.056511 -9.100534 -0.984361 0.008244 -0.175969 101.784955
-0.177186 0.065265 0.982011 119.730154 0.015491 0.997860 -0.063523 -9.162871 -0.984056 0.003957 -0.177818 101.651269
-0.179287 0.070201 0.981289 120.497045 0.019916 0.997506 -0.067722 -9.227064 -0.983596 0.007402 -0.180237 101.502625
-0.182143 0.068432 0.980888 121.274934 0.021927 0.997610 -0.065527 -9.292807 -0.983028 0.009572 -0.183208 101.353023
-0.185979 0.060443 0.980693 122.063229 0.020746 0.998125 -0.057583 -9.358434 -0.982335 0.009637 -0.186884 101.203618
-0.188487 0.057141 0.980412 122.849096 0.019566 0.998327 -0.054424 -9.420960 -0.981881 0.008924 -0.189289 101.053162
-0.190200 0.060772 0.979863 123.621995 0.019420 0.998120 -0.058135 -9.482314 -0.981554 0.007971 -0.191022 100.902420
-0.192825 0.063662 0.979166 124.397556 0.016957 0.997961 -0.061545 -9.544402 -0.981087 0.004736 -0.193511 100.753105
-0.195563 0.065702 0.978488 125.174687 0.016147 0.997834 -0.063774 -9.608160 -0.980559 0.003328 -0.196200 100.598281
-0.197502 0.069323 0.977848 125.945872 0.019875 0.997575 -0.066707 -9.673193 -0.980101 0.006260 -0.198401 100.435061
-0.199363 0.073959 0.977131 126.714732 0.020645 0.997244 -0.071269 -9.740432 -0.979709 0.005965 -0.200340 100.275538
-0.202661 0.075843 0.976307 127.467952 0.019978 0.997109 -0.073312 -9.808912 -0.979046 0.004647 -0.203590 100.119140
-0.205087 0.073496 0.975980 128.224935 0.020711 0.997279 -0.070748 -9.878103 -0.978525 0.005704 -0.206052 99.957286
-0.208454 0.069818 0.975537 128.981866 0.024773 0.997506 -0.066097 -9.946658 -0.977719 0.010389 -0.209663 99.786318
-0.213534 0.068596 0.974524 129.732463 0.027525 0.997559 -0.064186 -10.013494 -0.976548 0.013118 -0.214901 99.614263
-0.219682 0.067371 0.973242 130.479953 0.026740 0.997654 -0.063025 -10.078499 -0.975205 0.012179 -0.220968 99.444029
-0.227845 0.067272 0.971371 131.222878 0.025776 0.997678 -0.063048 -10.142556 -0.973356 0.010672 -0.229050 99.268365
-0.238029 0.067732 0.968893 131.963867 0.025174 0.997661 -0.063559 -10.206238 -0.970932 0.009262 -0.239178 99.084001
-0.249633 0.068648 0.965904 132.704695 0.025904 0.997601 -0.064206 -10.270482 -0.967994 0.008993 -0.250813 98.887491
-0.261993 0.069161 0.962588 133.446997 0.027017 0.997564 -0.064320 -10.335133 -0.964692 0.009155 -0.263223 98.679462
-0.273759 0.069599 0.959277 134.190235 0.030125 0.997510 -0.063776 -10.399967 -0.961327 0.011439 -0.275174 98.457737
-0.284963 0.069457 0.956018 134.914641 0.033464 0.997484 -0.062495 -10.462309 -0.957954 0.014184 -0.286571 98.231514
-0.295272 0.069436 0.952886 135.636241 0.037670 0.997426 -0.061008 -10.524333 -0.954670 0.017881 -0.297128 97.995697
-0.304334 0.070563 0.949948 136.350643 0.043600 0.997240 -0.060107 -10.584699 -0.951567 0.023125 -0.306571 97.751287
-0.311957 0.071082 0.947433 137.065413 0.049182 0.997069 -0.058612 -10.644537 -0.948823 0.028312 -0.314539 97.500825
-0.318773 0.071313 0.945144 137.778996 0.049500 0.997058 -0.058535 -10.704192 -0.946538 0.028125 -0.321365 97.254591
-0.323793 0.070452 0.943501 138.497574 0.052988 0.997009 -0.056263 -10.763478 -0.944643 0.031777 -0.326558 96.996969
-0.326269 0.068480 0.942793 139.223225 0.059257 0.996893 -0.051903 -10.820635 -0.943418 0.038933 -0.329313 96.730170
-0.327319 0.067932 0.942469 139.949938 0.066089 0.996616 -0.048882 -10.875098 -0.942600 0.046287 -0.330700 96.461196
-0.328362 0.065698 0.942264 140.653696 0.067498 0.996660 -0.045968 -10.928592 -0.942138 0.048507 -0.331699 96.208541
-0.328291 0.071200 0.941889 141.329814 0.070653 0.996213 -0.050680 -10.978997 -0.941931 0.049910 -0.332078 95.963224
-0.326921 0.075067 0.942066 142.005406 0.070426 0.996004 -0.054926 -11.031065 -0.942424 0.048389 -0.330901 95.725474
-0.325926 0.075232 0.942397 142.687037 0.072279 0.995894 -0.054505 -11.084770 -0.942628 0.050351 -0.330026 95.482066
-0.324185 0.073880 0.943104 143.368276 0.073714 0.995888 -0.052677 -11.138644 -0.943118 0.052443 -0.328298 95.241034
-0.322113 0.070695 0.944058 144.054135 0.075187 0.995969 -0.048928 -11.191968 -0.943711 0.055221 -0.326130 95.000143
-0.320552 0.070845 0.944578 144.714008 0.076014 0.995907 -0.048898 -11.243532 -0.944176 0.056127 -0.324625 94.770399
-0.318415 0.073604 0.945089 145.361607 0.076926 0.995700 -0.051628 -11.293621 -0.944825 0.056263 -0.322708 94.546559
-0.314434 0.075178 0.946298 146.007338 0.078225 0.995521 -0.053096 -11.344395 -0.946051 0.057329 -0.318907 94.326206
-0.309132 0.074557 0.948092 146.654308 0.079331 0.995470 -0.052416 -11.396151 -0.947705 0.059009 -0.313646 94.110171
-0.303257 0.073033 0.950106 147.301395 0.080308 0.995471 -0.050887 -11.448045 -0.949519 0.060870 -0.307748 93.899041
-0.297902 0.071122 0.951943 147.937519 0.080242 0.995557 -0.049269 -11.498404 -0.951218 0.061709 -0.302286 93.697078
-0.293425 0.070172 0.953403 148.566679 0.079927 0.995612 -0.048680 -11.547093 -0.952636 0.061919 -0.297746 93.500944
-0.289335 0.069259 0.954719 149.193393 0.080719 0.995592 -0.047762 -11.594978 -0.953819 0.063244 -0.293650 93.306429
-0.285432 0.067952 0.955987 149.821106 0.083047 0.995485 -0.045964 -11.641635 -0.954795 0.066272 -0.289786 93.111517
-0.281139 0.067440 0.957294 150.445622 0.085725 0.995305 -0.044942 -11.686488 -0.955831 0.069429 -0.285601 92.920189
-0.277893 0.065311 0.958389 151.073075 0.083796 0.995531 -0.043545 -11.731519 -0.956951 0.068209 -0.282124 92.738281
-0.274439 0.065831 0.959348 151.694886 0.080505 0.995725 -0.045297 -11.775683 -0.958229 0.064801 -0.278565 92.563725
-0.269648 0.069268 0.960464 152.310125 0.081190 0.995494 -0.049001 -11.819958 -0.959530 0.064767 -0.274057 92.387929
-0.263963 0.072775 0.961783 152.914970 0.083185 0.995152 -0.052470 -11.864592 -0.960939 0.066156 -0.268737 92.216535
-0.257177 0.073686 0.963551 153.521039 0.082181 0.995145 -0.054168 -11.910364 -0.962864 0.065254 -0.261984 92.055013
-0.248953 0.071644 0.965862 154.131915 0.078562 0.995468 -0.053591 -11.957203 -0.965324 0.062538 -0.253453 91.903348
-0.238550 0.069609 0.968632 154.741259 0.077266 0.995627 -0.052520 -12.004612 -0.968052 0.062313 -0.242885 91.755853
-0.225816 0.068636 0.971749 155.349603 0.077701 0.995606 -0.052264 -12.052054 -0.971067 0.063704 -0.230157 91.615178
-0.212208 0.067436 0.974895 155.962759 0.076983 0.995670 -0.052116 -12.100021 -0.974188 0.063991 -0.216481 91.484844
-0.196664 0.067038 0.978176 156.578224 0.075390 0.995740 -0.053085 -12.148270 -0.977569 0.063305 -0.200880 91.366960
