1.000000 0.000000 0.000000 0.000000 0.000000 1.000000 0.000000 0.000000 0.000000 0.000000 1.000000 0.000000 0.000000 0.000000 0.000000 1.000000
0.999996 -0.002115 -0.002076 0.000666 0.002114 0.999998 -0.000583 -0.017153 0.002077 0.000579 0.999998 0.624206 0.000000 0.000000 0.000000 1.000000
0.999993 -0.002814 -0.002475 0.000399 0.002810 0.999995 -0.001722 -0.033973 0.002480 0.001715 0.999995 1.235803 0.000000 0.000000 0.000000 1.000000
0.999989 -0.003127 -0.003541 -0.001535 0.003118 0.999992 -0.002568 -0.051295 0.003549 0.002557 0.999990 1.843805 0.000000 0.000000 0.000000 1.000000
0.999974 -0.005304 -0.004930 -0.001954 0.005284 0.999978 -0.004074 -0.067767 0.004952 0.004048 0.999980 2.448812 0.000000 0.000000 0.000000 1.000000
0.999952 -0.007706 -0.006005 -0.002531 0.007673 0.999955 -0.005508 -0.083793 0.006047 0.005462 0.999967 3.054044 0.000000 0.000000 0.000000 1.000000
0.999936 -0.008966 -0.006852 -0.005056 0.008925 0.999943 -0.005881 -0.099769 0.006905 0.005820 0.999959 3.666844 0.000000 0.000000 0.000000 1.000000
0.999930 -0.009106 -0.007613 -0.009461 0.009072 0.999949 -0.004471 -0.115452 0.007654 0.004402 0.999961 4.292604 0.000000 0.000000 0.000000 1.000000
0.999920 -0.009432 -0.008420 -0.014406 0.009400 0.999949 -0.003764 -0.130611 0.008455 0.003685 0.999957 4.924710 0.000000 0.000000 0.000000 1.000000
0.999919 -0.008898 -0.009133 -0.021658 0.008847 0.999945 -0.005567 -0.145924 0.009182 0.005486 0.999943 5.558454 0.000000 0.000000 0.000000 1.000000
0.999924 -0.007428 -0.009827 -0.031117 0.007343 0.999936 -0.008597 -0.161204 0.009890 0.008524 0.999915 6.194872 0.000000 0.000000 0.000000 1.000000
0.999926 -0.005932 -0.010595 -0.041377 0.005806 0.999913 -0.011869 -0.176303 0.010664 0.011807 0.999873 6.836228 0.000000 0.000000 0.000000 1.000000
0.999929 -0.004283 -0.011170 -0.051718 0.004147 0.999917 -0.012182 -0.191880 0.011221 0.012135 0.999863 7.487315 0.000000 0.000000 0.000000 1.000000
0.999934 -0.001706 -0.011387 -0.062292 0.001631 0.999977 -0.006541 -0.208914 0.011398 0.006522 0.999914 8.157868 0.000000 0.000000 0.000000 1.000000
0.999930 -0.000659 -0.011852 -0.068969 0.000705 0.999992 0.003852 -0.223655 0.011850 -0.003860 0.999922 8.852243 0.000000 0.000000 0.000000 1.000000
0.999925 0.000635 -0.012260 -0.077165 -0.000485 0.999925 0.012199 -0.234187 0.012267 -0.012193 0.999850 9.559597 0.000000 0.000000 0.000000 1.000000
0.999916 0.002893 -0.012634 -0.089608 -0.002726 0.999909 0.013206 -0.239303 0.012671 -0.013170 0.999833 10.255406 0.000000 0.000000 0.000000 1.000000
0.999905 0.004495 -0.013018 -0.103025 -0.004422 0.999974 0.005628 -0.241728 0.013043 -0.005570 0.999899 10.954193 0.000000 0.000000 0.000000 1.000000
0.999899 0.003852 -0.013708 -0.112673 -0.003877 0.999991 -0.001849 -0.245270 0.013701 0.001902 0.999904 11.662537 0.000000 0.000000 0.000000 1.000000
0.999888 0.002147 -0.014837 -0.122837 -0.002169 0.999997 -0.001430 -0.250485 0.014834 0.001462 0.999889 12.404673 0.000000 0.000000 0.000000 1.000000
0.999881 0.001429 -0.015379 -0.131609 -0.001302 0.999965 0.008263 -0.256516 0.015390 -0.008242 0.999848 13.192182 0.000000 0.000000 0.000000 1.000000
0.999875 0.001317 -0.015740 -0.142626 -0.001059 0.999865 0.016386 -0.260732 0.015760 -0.016367 0.999742 14.010123 0.000000 0.000000 0.000000 1.000000
0.999868 0.000683 -0.016239 -0.156116 -0.000375 0.999819 0.019018 -0.261270 0.016249 -0.019009 0.999687 14.836496 0.000000 0.000000 0.000000 1.000000
0.999865 -0.001190 -0.016398 -0.168257 0.001483 0.999840 0.017838 -0.258295 0.016374 -0.017860 0.999707 15.666384 0.000000 0.000000 0.000000 1.000000
0.999865 -0.001952 -0.016309 -0.182060 0.002200 0.999882 0.015229 -0.254687 0.016278 -0.015263 0.999751 16.506239 0.000000 0.000000 0.000000 1.000000
0.999874 0.000371 -0.015852 -0.201000 -0.000178 0.999926 0.012210 -0.251990 0.015856 -0.012205 0.999800 17.361281 0.000000 0.000000 0.000000 1.000000
0.999889 -0.002348 -0.014725 -0.210249 0.002453 0.999972 0.007078 -0.251580 0.014708 -0.007114 0.999867 18.228079 0.000000 0.000000 0.000000 1.000000
0.999888 -0.004828 -0.014169 -0.218978 0.004845 0.999988 0.001169 -0.254616 0.014163 -0.001238 0.999899 19.113372 0.000000 0.000000 0.000000 1.000000
0.999904 -0.004925 -0.012989 -0.230530 0.004865 0.999977 -0.004671 -0.262687 0.013011 0.004608 0.999905 20.022347 0.000000 0.000000 0.000000 1.000000
0.999916 -0.003962 -0.012376 -0.244707 0.003893 0.999977 -0.005566 -0.274501 0.012398 0.005517 0.999908 20.956463 0.000000 0.000000 0.000000 1.000000
0.999917 -0.003869 -0.012337 -0.257498 0.003813 0.999983 -0.004503 -0.287334 0.012355 0.004456 0.999914 21.909758 0.000000 0.000000 0.000000 1.000000
0.999921 -0.003027 -0.012203 -0.271316 0.002965 0.999983 -0.005119 -0.302017 0.012219 0.005082 0.999913 22.875173 0.000000 0.000000 0.000000 1.000000
0.999927 -0.000707 -0.012062 -0.286872 0.000622 0.999975 -0.007075 -0.318168 0.012067 0.007067 0.999902 23.848398 0.000000 0.000000 0.000000 1.000000
0.999926 0.002611 -0.011881 -0.303983 -0.002701 0.999968 -0.007575 -0.336057 0.011861 0.007606 0.999901 24.836867 0.000000 0.000000 0.000000 1.000000
0.999924 0.004270 -0.011576 -0.318847 -0.004355 0.999964 -0.007298 -0.355188 0.011545 0.007348 0.999907 25.836698 0.000000 0.000000 0.000000 1.000000
0.999921 0.004850 -0.011634 -0.332526 -0.004932 0.999963 -0.007002 -0.375009 0.011599 0.007058 0.999908 26.841317 0.000000 0.000000 0.000000 1.000000
0.999919 0.004666 -0.011886 -0.345663 -0.004748 0.999965 -0.006906 -0.394936 0.011853 0.006961 0.999906 27.856097 0.000000 0.000000 0.000000 1.000000
0.999912 0.005163 -0.012215 -0.359829 -0.005232 0.999971 -0.005647 -0.414594 0.012186 0.005711 0.999910 28.882049 0.000000 0.000000 0.000000 1.000000
0.999906 0.005667 -0.012529 -0.374506 -0.005713 0.999977 -0.003653 -0.433587 0.012508 0.003724 0.999915 29.910527 0.000000 0.000000 0.000000 1.000000
0.999898 0.006110 -0.012948 -0.390145 -0.006138 0.999979 -0.002097 -0.451943 0.012935 0.002177 0.999914 30.941049 0.000000 0.000000 0.000000 1.000000
0.999898 0.005480 -0.013176 -0.405778 -0.005517 0.999981 -0.002827 -0.470259 0.013160 0.002899 0.999909 31.970437 0.000000 0.000000 0.000000 1.000000
0.999890 0.006183 -0.013518 -0.423410 -0.006237 0.999973 -0.003927 -0.488502 0.013494 0.004011 0.999901 33.002973 0.000000 0.000000 0.000000 1.000000
0.999889 0.005664 -0.013832 -0.439467 -0.005709 0.999979 -0.003156 -0.506318 0.013813 0.003234 0.999900 34.042171 0.000000 0.000000 0.000000 1.000000
0.999883 0.004860 -0.014493 -0.455448 -0.004868 0.999988 -0.000548 -0.523339 0.014490 0.000619 0.999895 35.087311 0.000000 0.000000 0.000000 1.000000
0.999875 0.004905 -0.015057 -0.473103 -0.004861 0.999984 0.002965 -0.538415 0.015071 -0.002892 0.999882 36.138324 0.000000 0.000000 0.000000 1.000000
0.999866 0.004849 -0.015661 -0.491718 -0.004762 0.999973 0.005571 -0.550537 0.015687 -0.005496 0.999862 37.197478 0.000000 0.000000 0.000000 1.000000
0.999860 0.004485 -0.016113 -0.511333 -0.004386 0.999972 0.006181 -0.561064 0.016140 -0.006109 0.999851 38.268483 0.000000 0.000000 0.000000 1.000000
0.999851 0.003856 -0.016859 -0.530965 -0.003769 0.999979 0.005229 -0.570267 0.016878 -0.005164 0.999844 39.344005 0.000000 0.000000 0.000000 1.000000
0.999841 0.003929 -0.017390 -0.552826 -0.003845 0.999981 0.004851 -0.581635 0.017408 -0.004783 0.999837 40.434169 0.000000 0.000000 0.000000 1.000000
0.999834 0.003718 -0.017838 -0.575065 -0.003611 0.999975 0.006051 -0.594018 0.017861 -0.005986 0.999823 41.529537 0.000000 0.000000 0.000000 1.000000
0.999823 0.003619 -0.018468 -0.598598 -0.003468 0.999961 0.008190 -0.607435 0.018497 -0.008125 0.999796 42.622926 0.000000 0.000000 0.000000 1.000000
0.999811 0.003563 -0.019134 -0.623383 -0.003358 0.999937 0.010721 -0.620518 0.019171 -0.010655 0.999760 43.725703 0.000000 0.000000 0.000000 1.000000
0.999795 0.004873 -0.019642 -0.651668 -0.004652 0.999926 0.011285 -0.633702 0.019695 -0.011192 0.999744 44.832232 0.000000 0.000000 0.000000 1.000000
0.999789 0.005221 -0.019880 -0.679795 -0.005066 0.999957 0.007836 -0.647377 0.019920 -0.007734 0.999772 45.934999 0.000000 0.000000 0.000000 1.000000
0.999781 0.006115 -0.020036 -0.708781 -0.006036 0.999974 0.003963 -0.663709 0.020060 -0.003841 0.999792 47.032009 0.000000 0.000000 0.000000 1.000000
0.999778 0.006742 -0.019969 -0.736931 -0.006678 0.999973 0.003282 -0.681658 0.019990 -0.003148 0.999795 48.136470 0.000000 0.000000 0.000000 1.000000
0.999781 0.006698 -0.019848 -0.763228 -0.006582 0.999961 0.005944 -0.699345 0.019887 -0.005812 0.999786 49.245449 0.000000 0.000000 0.000000 1.000000
0.999779 0.007373 -0.019707 -0.790644 -0.007207 0.999938 0.008475 -0.716251 0.019768 -0.008331 0.999770 50.359191 0.000000 0.000000 0.000000 1.000000
0.999797 0.004975 -0.019542 -0.814465 -0.004784 0.999941 0.009813 -0.731529 0.019590 -0.009717 0.999761 51.476368 0.000000 0.000000 0.000000 1.000000
0.999798 0.005794 -0.019276 -0.842238 -0.005600 0.999934 0.010084 -0.746528 0.019333 -0.009974 0.999763 52.593910 0.000000 0.000000 0.000000 1.000000
0.999813 0.003536 -0.019005 -0.865289 -0.003390 0.999965 0.007741 -0.761360 0.019032 -0.007675 0.999790 53.709513 0.000000 0.000000 0.000000 1.000000
0.999817 0.004526 -0.018597 -0.892193 -0.004426 0.999976 0.005426 -0.776622 0.018621 -0.005343 0.999812 54.826160 0.000000 0.000000 0.000000 1.000000
0.999830 0.003488 -0.018142 -0.915720 -0.003421 0.999988 0.003693 -0.793360 0.018155 -0.003631 0.999829 55.938616 0.000000 0.000000 0.000000 1.000000
0.999836 0.002401 -0.017948 -0.938562 -0.002384 0.999997 0.000972 -0.813046 0.017950 -0.000929 0.999839 57.046280 0.000000 0.000000 0.000000 1.000000
0.999842 0.000850 -0.017802 -0.960836 -0.000870 0.999999 -0.001137 -0.835799 0.017801 0.001153 0.999841 58.143797 0.000000 0.000000 0.000000 1.000000
0.999845 -0.000303 -0.017631 -0.982953 0.000320 1.000000 0.000937 -0.858960 0.017630 -0.000942 0.999844 59.253495 0.000000 0.000000 0.000000 1.000000
0.999844 -0.001483 -0.017637 -1.004526 0.001601 0.999977 0.006652 -0.879647 0.017626 -0.006679 0.999823 60.371118 0.000000 0.000000 0.000000 1.000000
0.999843 -0.002767 -0.017539 -1.025569 0.002995 0.999911 0.013003 -0.893527 0.017501 -0.013054 0.999762 61.495304 0.000000 0.000000 0.000000 1.000000
0.999840 -0.004208 -0.017428 -1.047335 0.004461 0.999885 0.014501 -0.904093 0.017365 -0.014576 0.999743 62.625417 0.000000 0.000000 0.000000 1.000000
0.999827 -0.006992 -0.017275 -1.066572 0.007189 0.999910 0.011371 -0.914284 0.017193 -0.011493 0.999786 63.750798 0.000000 0.000000 0.000000 1.000000
0.999814 -0.008730 -0.017230 -1.087053 0.008872 0.999928 0.008147 -0.926531 0.017158 -0.008299 0.999819 64.875595 0.000000 0.000000 0.000000 1.000000
0.999828 -0.007067 -0.017186 -1.113184 0.007152 0.999963 0.004925 -0.942224 0.017151 -0.005047 0.999840 65.995482 0.000000 0.000000 0.000000 1.000000
0.999810 -0.007866 -0.017856 -1.136194 0.007866 0.999969 -0.000109 -0.962371 0.017856 -0.000031 0.999841 67.095574 0.000000 0.000000 0.000000 1.000000
0.999831 -0.005078 -0.017719 -1.164616 0.005059 0.999987 -0.001148 -0.986620 0.017724 0.001058 0.999843 68.196141 0.000000 0.000000 0.000000 1.000000
0.999863 -0.000457 -0.016549 -1.195181 0.000505 0.999996 0.002867 -1.010423 0.016548 -0.002875 0.999859 69.308702 0.000000 0.000000 0.000000 1.000000
0.999869 0.001045 -0.016185 -1.220571 -0.000958 0.999985 0.005403 -1.032047 0.016190 -0.005387 0.999855 70.422546 0.000000 0.000000 0.000000 1.000000
0.999865 0.000559 -0.016472 -1.243805 -0.000465 0.999984 0.005734 -1.052226 0.016475 -0.005726 0.999848 71.529673 0.000000 0.000000 0.000000 1.000000
0.999863 -0.000713 -0.016535 -1.265783 0.000824 0.999978 0.006695 -1.071617 0.016530 -0.006707 0.999841 72.638456 0.000000 0.000000 0.000000 1.000000
0.999858 -0.001829 -0.016799 -1.287791 0.001965 0.999966 0.008106 -1.089772 0.016784 -0.008138 0.999826 73.746752 0.000000 0.000000 0.000000 1.000000
0.999846 -0.003259 -0.017268 -1.308983 0.003423 0.999950 0.009474 -1.106141 0.017236 -0.009532 0.999806 74.854076 0.000000 0.000000 0.000000 1.000000
0.999830 -0.004306 -0.017942 -1.331374 0.004514 0.999924 0.011531 -1.121128 0.017891 -0.011610 0.999773 75.971124 0.000000 0.000000 0.000000 1.000000
0.999814 -0.005065 -0.018609 -1.355624 0.005260 0.999932 0.010423 -1.136183 0.018555 -0.010518 0.999773 77.073530 0.000000 0.000000 0.000000 1.000000
0.999804 -0.004859 -0.019216 -1.381247 0.004985 0.999967 0.006507 -1.153236 0.019183 -0.006602 0.999794 78.168584 0.000000 0.000000 0.000000 1.000000
0.999793 -0.004497 -0.019847 -1.408665 0.004585 0.999980 0.004431 -1.173723 0.019827 -0.004521 0.999793 79.263432 0.000000 0.000000 0.000000 1.000000
0.999788 -0.002423 -0.020442 -1.438422 0.002545 0.999979 0.005974 -1.194227 0.020427 -0.006025 0.999773 80.364281 0.000000 0.000000 0.000000 1.000000
0.999777 -0.001557 -0.021071 -1.466950 0.001768 0.999949 0.009966 -1.211993 0.021055 -0.010001 0.999729 81.476484 0.000000 0.000000 0.000000 1.000000
0.999764 -0.000212 -0.021757 -1.496875 0.000513 0.999905 0.013826 -1.226574 0.021752 -0.013834 0.999668 82.588602 0.000000 0.000000 0.000000 1.000000
0.999751 0.000816 -0.022312 -1.528540 -0.000485 0.999890 0.014843 -1.240096 0.022321 -0.014829 0.999641 83.701131 0.000000 0.000000 0.000000 1.000000
0.999735 0.000702 -0.023036 -1.560419 -0.000408 0.999919 0.012745 -1.254435 0.023043 -0.012733 0.999654 84.801697 0.000000 0.000000 0.000000 1.000000
0.999709 0.000530 -0.024127 -1.593044 -0.000244 0.999930 0.011852 -1.270498 0.024131 -0.011843 0.999639 85.897028 0.000000 0.000000 0.000000 1.000000
0.999684 0.000248 -0.025135 -1.626362 0.000060 0.999925 0.012238 -1.287572 0.025136 -0.012236 0.999609 86.978197 0.000000 0.000000 0.000000 1.000000
0.999657 -0.000884 -0.026176 -1.659107 0.001211 0.999921 0.012496 -1.304519 0.026163 -0.012523 0.999579 88.031436 0.000000 0.000000 0.000000 1.000000
0.999629 -0.002279 -0.027161 -1.691633 0.002656 0.999901 0.013856 -1.320709 0.027127 -0.013923 0.999535 89.064872 0.000000 0.000000 0.000000 1.000000
0.999606 -0.002346 -0.027988 -1.725839 0.002808 0.999860 0.016492 -1.335468 0.027945 -0.016564 0.999472 90.074574 0.000000 0.000000 0.000000 1.000000
0.999579 -0.003002 -0.028881 -1.760527 0.003510 0.999840 0.017565 -1.349902 0.028823 -0.017659 0.999429 91.063493 0.000000 0.000000 0.000000 1.000000
0.999524 -0.004064 -0.030601 -1.794881 0.004606 0.999834 0.017653 -1.364469 0.030524 -0.017785 0.999376 92.032672 0.000000 0.000000 0.000000 1.000000
0.999419 -0.005002 -0.033722 -1.831371 0.005576 0.999841 0.016950 -1.380626 0.033632 -0.017128 0.999288 92.987995 0.000000 0.000000 0.000000 1.000000
0.999299 -0.004949 -0.037115 -1.871684 0.005543 0.999858 0.015916 -1.399371 0.037031 -0.016111 0.999184 93.927563 0.000000 0.000000 0.000000 1.000000
0.999166 -0.005273 -0.040488 -1.913468 0.005919 0.999857 0.015855 -1.417756 0.040399 -0.016082 0.999054 94.851224 0.000000 0.000000 0.000000 1.000000
0.999049 -0.004508 -0.043379 -1.958092 0.005244 0.999844 0.016865 -1.432243 0.043297 -0.017076 0.998916 95.757779 0.000000 0.000000 0.000000 1.000000
0.998913 -0.003576 -0.046488 -2.005046 0.004422 0.999826 0.018115 -1.445751 0.046415 -0.018301 0.998755 96.648683 0.000000 0.000000 0.000000 1.000000
0.998772 -0.002565 -0.049485 -2.052512 0.003534 0.999804 0.019504 -1.456014 0.049425 -0.019655 0.998585 97.517967 0.000000 0.000000 0.000000 1.000000
0.998642 -0.001055 -0.052099 -2.100865 0.002132 0.999786 0.020611 -1.463383 0.052066 -0.020694 0.998429 98.366997 0.000000 0.000000 0.000000 1.000000
0.998527 0.001035 -0.054260 -2.149112 0.000135 0.999768 0.021558 -1.467697 0.054269 -0.021534 0.998294 99.188480 0.000000 0.000000 0.000000 1.000000
0.998391 0.002890 -0.056631 -2.196551 -0.001709 0.999781 0.020893 -1.471548 0.056679 -0.020762 0.998177 99.972156 0.000000 0.000000 0.000000 1.000000
0.998245 0.004471 -0.059054 -2.243212 -0.003385 0.999824 0.018474 -1.476008 0.059127 -0.018242 0.998084 100.723624 0.000000 0.000000 0.000000 1.000000
0.998068 0.006875 -0.061755 -2.290998 -0.005961 0.999870 0.014974 -1.482442 0.061850 -0.014577 0.997979 101.426554 0.000000 0.000000 0.000000 1.000000
0.997902 0.009097 -0.064110 -2.338185 -0.008313 0.999888 0.012496 -1.490701 0.064217 -0.011937 0.997865 102.085372 0.000000 0.000000 0.000000 1.000000
0.997793 0.010698 -0.065543 -2.383172 -0.009959 0.999884 0.011583 -1.499643 0.065659 -0.010904 0.997783 102.722479 0.000000 0.000000 0.000000 1.000000
0.997768 0.012795 -0.065542 -2.425465 -0.012010 0.999852 0.012351 -1.509236 0.065690 -0.011536 0.997774 103.326926 0.000000 0.000000 0.000000 1.000000
0.997843 0.016387 -0.063571 -2.465181 -0.015512 0.999779 0.014228 -1.517604 0.063790 -0.013211 0.997876 103.897454 0.000000 0.000000 0.000000 1.000000
0.998095 0.019490 -0.058548 -2.498963 -0.018582 0.999700 0.016008 -1.524650 0.058842 -0.014889 0.998156 104.447585 0.000000 0.000000 0.000000 1.000000
0.998491 0.020456 -0.050976 -2.523403 -0.019569 0.999650 0.017827 -1.530857 0.051322 -0.016803 0.998541 104.977250 0.000000 0.000000 0.000000 1.000000
0.998945 0.020120 -0.041279 -2.538599 -0.019291 0.999606 0.020386 -1.535918 0.041673 -0.019568 0.998940 105.491282 0.000000 0.000000 0.000000 1.000000
0.999371 0.019544 -0.029601 -2.545240 -0.018896 0.999579 0.022014 -1.540006 0.030019 -0.021441 0.999320 105.985493 0.000000 0.000000 0.000000 1.000000
0.999692 0.018650 -0.016400 -2.543541 -0.018280 0.999582 0.022398 -1.543680 0.016811 -0.022092 0.999615 106.463130 0.000000 0.000000 0.000000 1.000000
0.999834 0.018130 -0.002098 -2.534564 -0.018080 0.999598 0.021834 -1.547193 0.002493 -0.021793 0.999760 106.923709 0.000000 0.000000 0.000000 1.000000
0.999759 0.016988 0.013946 -2.516512 -0.017255 0.999666 0.019259 -1.551455 -0.013614 -0.019495 0.999717 107.366637 0.000000 0.000000 0.000000 1.000000
0.999327 0.016690 0.032680 -2.490287 -0.017182 0.999742 0.014845 -1.556560 -0.032424 -0.015396 0.999356 107.805159 0.000000 0.000000 0.000000 1.000000
0.998385 0.014996 0.054804 -2.450646 -0.015556 0.999831 0.009815 -1.563109 -0.054647 -0.010652 0.998449 108.239563 0.000000 0.000000 0.000000 1.000000
0.996701 0.013190 0.080092 -2.397520 -0.013767 0.999883 0.006656 -1.571324 -0.079995 -0.007737 0.996766 108.675337 0.000000 0.000000 0.000000 1.000000
0.994003 0.011073 0.108793 -2.329654 -0.011706 0.999918 0.005180 -1.580152 -0.108727 -0.006422 0.994051 109.095295 0.000000 0.000000 0.000000 1.000000
0.990177 0.008947 0.139533 -2.249795 -0.009559 0.999948 0.003720 -1.588825 -0.139493 -0.005017 0.990211 109.482482 0.000000 0.000000 0.000000 1.000000
0.984836 0.006664 0.173362 -2.157307 -0.007200 0.999971 0.002464 -1.596929 -0.173340 -0.003675 0.984855 109.839174 0.000000 0.000000 0.000000 1.000000
0.977575 0.003531 0.210561 -2.049498 -0.004092 0.999990 0.002229 -1.604611 -0.210551 -0.003040 0.977578 110.177461 0.000000 0.000000 0.000000 1.000000
0.968173 0.001501 0.250277 -1.927634 -0.002021 0.999997 0.001818 -1.611605 -0.250273 -0.002266 0.968173 110.510373 0.000000 0.000000 0.000000 1.000000
0.956483 0.001868 0.291784 -1.795353 -0.002240 0.999997 0.000940 -1.617805 -0.291781 -0.001553 0.956484 110.831553 0.000000 0.000000 0.000000 1.000000
0.942028 0.004530 0.335505 -1.649841 -0.005019 0.999988 0.000591 -1.623056 -0.335498 -0.002241 0.942039 111.150503 0.000000 0.000000 0.000000 1.000000
0.924633 0.004310 0.380836 -1.484716 -0.005027 0.999987 0.000888 -1.628099 -0.380827 -0.002735 0.924642 111.458011 0.000000 0.000000 0.000000 1.000000
0.904310 0.003367 0.426865 -1.306607 -0.004842 0.999986 0.002369 -1.632079 -0.426850 -0.004209 0.904313 111.744806 0.000000 0.000000 0.000000 1.000000
0.881077 0.001776 0.472971 -1.115760 -0.003402 0.999991 0.002584 -1.635605 -0.472962 -0.003885 0.881075 112.012186 0.000000 0.000000 0.000000 1.000000
0.855462 0.001311 0.517865 -0.912573 -0.002362 0.999997 0.001371 -1.638636 -0.517862 -0.002396 0.855461 112.269432 0.000000 0.000000 0.000000 1.000000
0.827580 0.002878 0.561341 -0.699448 -0.002816 0.999996 -0.000974 -1.641315 -0.561341 -0.000774 0.827585 112.516387 0.000000 0.000000 0.000000 1.000000
0.797096 0.006873 0.603814 -0.468505 -0.005064 0.999977 -0.004698 -1.644360 -0.603832 0.000687 0.797112 112.766420 0.000000 0.000000 0.000000 1.000000
0.763520 0.012090 0.645672 -0.219801 -0.008549 0.999927 -0.008614 -1.647981 -0.645728 0.001057 0.763567 113.013343 0.000000 0.000000 0.000000 1.000000
0.726055 0.016467 0.687440 0.052400 -0.012080 0.999865 -0.011193 -1.652422 -0.687531 -0.000178 0.726155 113.256376 0.000000 0.000000 0.000000 1.000000
0.685890 0.016308 0.727523 0.357084 -0.011069 0.999867 -0.011977 -1.658965 -0.727622 0.000162 0.685979 113.493851 0.000000 0.000000 0.000000 1.000000
0.644159 0.013324 0.764776 0.685160 -0.007367 0.999910 -0.011216 -1.666502 -0.764857 0.001591 0.644199 113.718077 0.000000 0.000000 0.000000 1.000000
0.599325 0.011543 0.800423 1.021148 -0.007981 0.999933 -0.008444 -1.672587 -0.800466 -0.001328 0.599377 113.924781 0.000000 0.000000 0.000000 1.000000
0.554206 0.010043 0.832320 1.375988 -0.007534 0.999947 -0.007049 -1.679553 -0.832346 -0.002364 0.554252 114.120715 0.000000 0.000000 0.000000 1.000000
0.506948 0.007386 0.861945 1.744111 -0.007390 0.999964 -0.004223 -1.685944 -0.861945 -0.004228 0.506984 114.297881 0.000000 0.000000 0.000000 1.000000
0.457777 0.003112 0.889062 2.127588 -0.005952 0.999983 -0.000436 -1.692292 -0.889047 -0.005092 0.457788 114.455169 0.000000 0.000000 0.000000 1.000000
0.406811 0.002295 0.913510 2.524334 -0.009444 0.999954 0.001693 -1.696683 -0.913464 -0.009316 0.406813 114.601068 0.000000 0.000000 0.000000 1.000000
0.356475 0.005617 0.934288 2.942788 -0.013563 0.999908 -0.000837 -1.701404 -0.934207 -0.012373 0.356518 114.736138 0.000000 0.000000 0.000000 1.000000
0.307660 0.010514 0.951438 3.395844 -0.014687 0.999873 -0.006300 -1.709729 -0.951383 -0.012035 0.307775 114.856059 0.000000 0.000000 0.000000 1.000000
0.261093 0.012668 0.965231 3.882611 -0.014255 0.999856 -0.009266 -1.721012 -0.965209 -0.011340 0.261236 114.961640 0.000000 0.000000 0.000000 1.000000
0.218891 0.011875 0.975677 4.382023 -0.008076 0.999914 -0.010358 -1.735672 -0.975716 -0.005612 0.218968 115.040773 0.000000 0.000000 0.000000 1.000000
0.182536 0.011617 0.983131 4.889083 0.000574 0.999929 -0.011922 -1.748993 -0.983199 0.002741 0.182516 115.100174 0.000000 0.000000 0.000000 1.000000
0.151357 0.012591 0.988399 5.395917 0.005521 0.999893 -0.013583 -1.762290 -0.988464 0.007513 0.151271 115.151094 0.000000 0.000000 0.000000 1.000000
0.122814 0.010373 0.992376 5.909487 0.003779 0.999934 -0.010919 -1.775709 -0.992423 0.005091 0.122766 115.200964 0.000000 0.000000 0.000000 1.000000
0.097827 0.006216 0.995184 6.433133 -0.002675 0.999979 -0.005983 -1.787433 -0.995200 -0.002077 0.097842 115.248120 0.000000 0.000000 0.000000 1.000000
0.074285 0.001945 0.997235 6.973951 -0.007715 0.999970 -0.001376 -1.797926 -0.997207 -0.007592 0.074298 115.283221 0.000000 0.000000 0.000000 1.000000
0.052069 -0.001265 0.998643 7.531145 -0.005063 0.999986 0.001530 -1.807702 -0.998631 -0.005136 0.052062 115.297092 0.000000 0.000000 0.000000 1.000000
0.033059 -0.001081 0.999453 8.113959 0.001685 0.999999 0.001026 -1.813382 -0.999452 0.001650 0.033061 115.297396 0.000000 0.000000 0.000000 1.000000
0.017437 0.001292 0.999847 8.750339 0.006323 0.999979 -0.001403 -1.819661 -0.999828 0.006347 0.017429 115.294030 0.000000 0.000000 0.000000 1.000000
0.004054 0.006720 0.999970 9.413966 0.007638 0.999949 -0.006751 -1.827317 -0.999963 0.007665 0.004002 115.287981 0.000000 0.000000 0.000000 1.000000
-0.008228 0.010649 0.999910 10.098025 0.005518 0.999929 -0.010604 -1.834775 -0.999951 0.005430 -0.008287 115.281219 0.000000 0.000000 0.000000 1.000000
-0.016154 0.011139 0.999808 10.800801 0.007377 0.999913 -0.011021 -1.842749 -0.999842 0.007197 -0.016235 115.265770 0.000000 0.000000 0.000000 1.000000
-0.018773 0.007142 0.999799 11.528256 0.012184 0.999902 -0.006914 -1.850553 -0.999750 0.012052 -0.018859 115.243855 0.000000 0.000000 0.000000 1.000000
-0.018867 0.006100 0.999804 12.260472 0.014451 0.999879 -0.005828 -1.857813 -0.999718 0.014339 -0.018953 115.227450 0.000000 0.000000 0.000000 1.000000
-0.016649 0.005127 0.999849 12.996320 0.014256 0.999887 -0.004889 -1.865056 -0.999760 0.014173 -0.016720 115.216962 0.000000 0.000000 0.000000 1.000000
-0.014695 0.004840 0.999881 13.740042 0.010024 0.999939 -0.004693 -1.871889 -0.999842 0.009954 -0.014742 115.214043 0.000000 0.000000 0.000000 1.000000
-0.012779 0.006293 0.999899 14.489171 0.009726 0.999934 -0.006169 -1.878854 -0.999871 0.009646 -0.012839 115.207458 0.000000 0.000000 0.000000 1.000000
-0.011307 0.006794 0.999913 15.253174 0.009040 0.999937 -0.006692 -1.886939 -0.999895 0.008963 -0.011368 115.202187 0.000000 0.000000 0.000000 1.000000
-0.010447 0.006379 0.999925 16.029463 0.008981 0.999940 -0.006285 -1.896460 -0.999905 0.008914 -0.010504 115.196355 0.000000 0.000000 0.000000 1.000000
-0.009806 0.004965 0.999940 16.815939 0.007601 0.999960 -0.004891 -1.907161 -0.999923 0.007553 -0.009844 115.192663 0.000000 0.000000 0.000000 1.000000
-0.009325 0.003667 0.999950 17.608766 0.008290 0.999960 -0.003589 -1.917665 -0.999922 0.008256 -0.009355 115.186363 0.000000 0.000000 0.000000 1.000000
-0.009319 0.001209 0.999956 18.418389 0.009172 0.999958 -0.001123 -1.929190 -0.999915 0.009161 -0.009330 115.179150 0.000000 0.000000 0.000000 1.000000
-0.010063 -0.000349 0.999950 19.233387 0.007391 0.999973 0.000423 -1.941718 -0.999922 0.007395 -0.010060 115.175280 0.000000 0.000000 0.000000 1.000000
-0.010945 -0.000897 0.999940 20.054577 0.005595 0.999984 0.000959 -1.953726 -0.999924 0.005606 -0.010940 115.170998 0.000000 0.000000 0.000000 1.000000
-0.012065 -0.003297 0.999922 20.889820 0.007570 0.999966 0.003389 -1.964348 -0.999899 0.007610 -0.012039 115.159719 0.000000 0.000000 0.000000 1.000000
-0.012448 -0.004567 0.999913 21.730287 0.010681 0.999932 0.004700 -1.974386 -0.999866 0.010739 -0.012399 115.146145 0.000000 0.000000 0.000000 1.000000
-0.014278 -0.007007 0.999874 22.587227 0.006761 0.999952 0.007104 -1.985376 -0.999875 0.006861 -0.014230 115.140742 0.000000 0.000000 0.000000 1.000000
-0.015571 -0.001646 0.999878 23.433499 0.004605 0.999988 0.001718 -1.994571 -0.999868 0.004632 -0.015563 115.132098 0.000000 0.000000 0.000000 1.000000
-0.016265 0.002950 0.999864 24.286037 0.006324 0.999976 -0.002847 -2.005756 -0.999848 0.006277 -0.016283 115.115990 0.000000 0.000000 0.000000 1.000000
-0.016857 0.004713 0.999847 25.141054 0.007194 0.999964 -0.004592 -2.019824 -0.999832 0.007115 -0.016891 115.100981 0.000000 0.000000 0.000000 1.000000
-0.018066 0.002906 0.999833 26.000131 0.003997 0.999989 -0.002834 -2.036498 -0.999829 0.003945 -0.018077 115.091687 0.000000 0.000000 0.000000 1.000000
-0.019133 -0.001032 0.999817 26.856992 0.001395 0.999999 0.001058 -2.053426 -0.999816 0.001415 -0.019132 115.080125 0.000000 0.000000 0.000000 1.000000
-0.018842 -0.006159 0.999804 27.721794 -0.000045 0.999982 0.006159 -2.068283 -0.999823 0.000071 -0.018842 115.066619 0.000000 0.000000 0.000000 1.000000
-0.018893 -0.011303 0.999758 28.588537 -0.003005 0.999933 0.011248 -2.078389 -0.999817 -0.002792 -0.018926 115.054756 0.000000 0.000000 0.000000 1.000000
-0.019125 -0.013048 0.999732 29.456932 -0.005601 0.999901 0.012943 -2.086552 -0.999802 -0.005352 -0.019196 115.043293 0.000000 0.000000 0.000000 1.000000
-0.018301 -0.007627 0.999804 30.311713 -0.003219 0.999967 0.007570 -2.094980 -0.999827 -0.003080 -0.018325 115.024034 0.000000 0.000000 0.000000 1.000000
-0.015993 0.004340 0.999863 31.155930 -0.000756 0.999991 -0.004353 -2.105983 -0.999872 -0.000826 -0.015989 115.005804 0.000000 0.000000 0.000000 1.000000
-0.015054 0.010679 0.999830 32.003163 0.001655 0.999943 -0.010655 -2.122799 -0.999886 0.001495 -0.015070 114.987713 0.000000 0.000000 0.000000 1.000000
-0.013697 0.005429 0.999892 32.866896 0.003006 0.999982 -0.005389 -2.142360 -0.999902 0.002932 -0.013714 114.973960 0.000000 0.000000 0.000000 1.000000
-0.011949 -0.003108 0.999924 33.727880 0.005723 0.999979 0.003176 -2.160131 -0.999912 0.005760 -0.011931 114.958372 0.000000 0.000000 0.000000 1.000000
-0.010779 -0.006257 0.999923 34.570722 0.007372 0.999953 0.006337 -2.174970 -0.999915 0.007440 -0.010732 114.947492 0.000000 0.000000 0.000000 1.000000
-0.010413 -0.005943 0.999929 35.402001 0.006794 0.999959 0.006014 -2.188576 -0.999923 0.006856 -0.010372 114.940320 0.000000 0.000000 0.000000 1.000000
-0.011018 -0.005218 0.999926 36.229490 0.003944 0.999979 0.005262 -2.201477 -0.999932 0.004002 -0.010997 114.936741 0.000000 0.000000 0.000000 1.000000
-0.012693 -0.004980 0.999907 37.056618 0.002200 0.999986 0.005009 -2.215031 -0.999917 0.002264 -0.012682 114.930331 0.000000 0.000000 0.000000 1.000000
-0.014569 -0.005581 0.999879 37.886444 0.001770 0.999983 0.005607 -2.228383 -0.999892 0.001852 -0.014559 114.920277 0.000000 0.000000 0.000000 1.000000
-0.016500 -0.005017 0.999852 38.708859 0.001316 0.999987 0.005039 -2.241543 -0.999863 0.001399 -0.016494 114.908121 0.000000 0.000000 0.000000 1.000000
-0.018575 -0.004658 0.999817 39.529636 -0.000298 0.999990 0.004653 -2.254901 -0.999828 -0.000212 -0.018576 114.896220 0.000000 0.000000 0.000000 1.000000
-0.020650 -0.005493 0.999772 40.349884 -0.001863 0.999984 0.005456 -2.268035 -0.999785 -0.001750 -0.020659 114.883043 0.000000 0.000000 0.000000 1.000000
-0.022527 -0.007212 0.999721 41.164482 -0.001488 0.999974 0.007181 -2.280397 -0.999745 -0.001326 -0.022538 114.865397 0.000000 0.000000 0.000000 1.000000
-0.024095 -0.007568 0.999681 41.975466 -0.001815 0.999971 0.007527 -2.291906 -0.999708 -0.001633 -0.024108 114.847123 0.000000 0.000000 0.000000 1.000000
-0.025613 -0.006426 0.999652 42.772635 -0.001980 0.999978 0.006377 -2.303306 -0.999670 -0.001816 -0.025625 114.827412 0.000000 0.000000 0.000000 1.000000
-0.026547 -0.006283 0.999628 43.566529 -0.001522 0.999980 0.006245 -2.314263 -0.999647 -0.001356 -0.026556 114.806548 0.000000 0.000000 0.000000 1.000000
-0.027408 -0.007541 0.999596 44.368308 0.000438 0.999972 0.007556 -2.325228 -0.999624 0.000645 -0.027404 114.782432 0.000000 0.000000 0.000000 1.000000
-0.028589 -0.008526 0.999555 45.164888 0.000559 0.999964 0.008545 -2.335787 -0.999591 0.000803 -0.028583 114.760258 0.000000 0.000000 0.000000 1.000000
-0.029738 -0.009391 0.999514 45.957538 -0.000635 0.999957 0.009377 -2.345734 -0.999558 -0.000356 -0.029742 114.739586 0.000000 0.000000 0.000000 1.000000
-0.030973 -0.010436 0.999466 46.734602 -0.002487 0.999944 0.010364 -2.355186 -0.999517 -0.002165 -0.030997 114.719269 0.000000 0.000000 0.000000 1.000000
-0.031912 -0.011400 0.999426 47.494454 -0.003715 0.999930 0.011287 -2.363910 -0.999484 -0.003353 -0.031953 114.697728 0.000000 0.000000 0.000000 1.000000
-0.032878 -0.011811 0.999390 48.234512 -0.003567 0.999926 0.011700 -2.372595 -0.999453 -0.003180 -0.032917 114.673712 0.000000 0.000000 0.000000 1.000000
-0.033107 -0.009649 0.999406 48.965136 -0.003362 0.999950 0.009543 -2.381485 -0.999446 -0.003044 -0.033138 114.649185 0.000000 0.000000 0.000000 1.000000
-0.033172 -0.006832 0.999427 49.694915 -0.002963 0.999974 0.006737 -2.391501 -0.999446 -0.002738 -0.033191 114.624389 0.000000 0.000000 0.000000 1.000000
-0.033582 -0.005273 0.999423 50.424483 -0.005082 0.999975 0.005106 -2.402118 -0.999423 -0.004907 -0.033608 114.604087 0.000000 0.000000 0.000000 1.000000
-0.034072 -0.004432 0.999410 51.147367 -0.004539 0.999981 0.004280 -2.413500 -0.999409 -0.004391 -0.034091 114.579761 0.000000 0.000000 0.000000 1.000000
-0.034383 -0.004619 0.999399 51.869507 -0.003731 0.999984 0.004494 -2.425412 -0.999402 -0.003575 -0.034400 114.554896 0.000000 0.000000 0.000000 1.000000
-0.034684 -0.005355 0.999385 52.584699 -0.002773 0.999983 0.005262 -2.437364 -0.999395 -0.002589 -0.034698 114.529720 0.000000 0.000000 0.000000 1.000000
-0.035291 -0.005219 0.999364 53.284704 -0.006260 0.999969 0.005001 -2.448486 -0.999358 -0.006079 -0.035323 114.510948 0.000000 0.000000 0.000000 1.000000
-0.035789 -0.005255 0.999346 53.986014 -0.008748 0.999950 0.004945 -2.459760 -0.999321 -0.008565 -0.035834 114.490575 0.000000 0.000000 0.000000 1.000000
-0.035802 -0.006523 0.999338 54.689210 -0.007326 0.999954 0.006265 -2.471049 -0.999332 -0.007097 -0.035848 114.464412 0.000000 0.000000 0.000000 1.000000
-0.036304 -0.007163 0.999316 55.383944 -0.006622 0.999955 0.006927 -2.481881 -0.999319 -0.006366 -0.036350 114.438943 0.000000 0.000000 0.000000 1.000000
-0.039336 -0.008000 0.999195 56.078573 -0.009220 0.999929 0.007643 -2.492639 -0.999184 -0.008912 -0.039407 114.415266 0.000000 0.000000 0.000000 1.000000
-0.044462 -0.008516 0.998975 56.774843 -0.013469 0.999879 0.007924 -2.502371 -0.998921 -0.013103 -0.044571 114.389900 0.000000 0.000000 0.000000 1.000000
-0.049634 -0.005345 0.998754 57.466272 -0.011150 0.999927 0.004797 -2.513552 -0.998705 -0.010898 -0.049690 114.350993 0.000000 0.000000 0.000000 1.000000
-0.055324 -0.002365 0.998466 58.159928 -0.008635 0.999962 0.001890 -2.524205 -0.998431 -0.008517 -0.055342 114.306487 0.000000 0.000000 0.000000 1.000000
-0.062515 -0.001051 0.998044 58.854868 -0.009447 0.999956 0.000461 -2.536282 -0.998000 -0.009400 -0.062522 114.262475 0.000000 0.000000 0.000000 1.000000
-0.069679 -0.001843 0.997568 59.556127 -0.012983 0.999916 0.000940 -2.548350 -0.997485 -0.012886 -0.069697 114.217590 0.000000 0.000000 0.000000 1.000000
-0.075474 -0.003745 0.997141 60.256363 -0.014261 0.999895 0.002676 -2.560206 -0.997046 -0.014019 -0.075520 114.165709 0.000000 0.000000 0.000000 1.000000
-0.080233 -0.003176 0.996772 60.956156 -0.015959 0.999872 0.001901 -2.570151 -0.996649 -0.015755 -0.080274 114.111783 0.000000 0.000000 0.000000 1.000000
-0.084411 -0.003738 0.996425 61.665859 -0.018813 0.999821 0.002158 -2.579292 -0.996254 -0.018564 -0.084466 114.055889 0.000000 0.000000 0.000000 1.000000
-0.087942 -0.006164 0.996107 62.385870 -0.018424 0.999821 0.004560 -2.588198 -0.995955 -0.017951 -0.088040 113.991743 0.000000 0.000000 0.000000 1.000000
-0.089955 -0.009203 0.995904 63.117002 -0.016560 0.999834 0.007743 -2.595841 -0.995808 -0.015796 -0.090093 113.923135 0.000000 0.000000 0.000000 1.000000
-0.091092 -0.012746 0.995761 63.862698 -0.016688 0.999798 0.011271 -2.603113 -0.995703 -0.015590 -0.091286 113.855465 0.000000 0.000000 0.000000 1.000000
-0.092729 -0.012441 0.995614 64.609523 -0.016897 0.999798 0.010920 -2.607679 -0.995548 -0.015810 -0.092921 113.787355 0.000000 0.000000 0.000000 1.000000
-0.093314 -0.009619 0.995591 65.360433 -0.015916 0.999841 0.008168 -2.610870 -0.995510 -0.015084 -0.093452 113.716173 0.000000 0.000000 0.000000 1.000000
-0.093820 -0.006157 0.995571 66.127919 -0.011002 0.999927 0.005148 -2.614427 -0.995529 -0.010470 -0.093881 113.635501 0.000000 0.000000 0.000000 1.000000
-0.093743 -0.002375 0.995594 66.905800 -0.004010 0.999991 0.002008 -2.620153 -0.995589 -0.003804 -0.093751 113.549958 0.000000 0.000000 0.000000 1.000000
-0.093720 -0.000379 0.995599 67.691784 -0.002283 0.999998 0.000165 -2.627406 -0.995596 -0.002258 -0.093720 113.472158 0.000000 0.000000 0.000000 1.000000
-0.094485 -0.002416 0.995524 68.479628 -0.004116 0.999990 0.002036 -2.638233 -0.995518 -0.003905 -0.094494 113.401094 0.000000 0.000000 0.000000 1.000000
-0.094226 -0.007655 0.995522 69.259069 -0.004785 0.999963 0.007236 -2.649277 -0.995540 -0.004082 -0.094259 113.328569 0.000000 0.000000 0.000000 1.000000
-0.093684 -0.009761 0.995555 70.024590 -0.002561 0.999952 0.009563 -2.658188 -0.995599 -0.001654 -0.093705 113.254410 0.000000 0.000000 0.000000 1.000000
-0.094166 -0.010201 0.995505 70.776716 -0.002010 0.999948 0.010057 -2.665929 -0.995555 -0.001054 -0.094181 113.183478 0.000000 0.000000 0.000000 1.000000
-0.095505 -0.009392 0.995385 71.528875 -0.003629 0.999953 0.009086 -2.673354 -0.995423 -0.002744 -0.095535 113.114651 0.000000 0.000000 0.000000 1.000000
-0.097469 -0.008273 0.995205 72.288757 -0.003742 0.999962 0.007946 -2.680547 -0.995232 -0.002949 -0.097496 113.040905 0.000000 0.000000 0.000000 1.000000
-0.099859 -0.008476 0.994966 73.062763 -0.003352 0.999962 0.008182 -2.688310 -0.994996 -0.002518 -0.099884 112.963077 0.000000 0.000000 0.000000 1.000000
-0.101522 -0.008285 0.994799 73.843890 -0.002386 0.999965 0.008085 -2.695710 -0.994831 -0.001553 -0.101538 112.882164 0.000000 0.000000 0.000000 1.000000
-0.103350 -0.008827 0.994606 74.640305 -0.002587 0.999960 0.008606 -2.703079 -0.994642 -0.001684 -0.103369 112.800457 0.000000 0.000000 0.000000 1.000000
-0.105311 -0.008589 0.994403 75.434723 -0.004867 0.999956 0.008121 -2.709626 -0.994428 -0.003985 -0.105348 112.720910 0.000000 0.000000 0.000000 1.000000
-0.106562 -0.007467 0.994279 76.238187 -0.004586 0.999966 0.007018 -2.715378 -0.994296 -0.003812 -0.106593 112.635157 0.000000 0.000000 0.000000 1.000000
-0.107322 -0.007250 0.994198 77.045724 -0.006137 0.999960 0.006629 -2.721207 -0.994206 -0.005390 -0.107362 112.551877 0.000000 0.000000 0.000000 1.000000
-0.108303 -0.006927 0.994094 77.854689 -0.005957 0.999963 0.006319 -2.727430 -0.994100 -0.005238 -0.108341 112.465063 0.000000 0.000000 0.000000 1.000000
-0.109334 -0.009005 0.993965 78.687201 -0.005972 0.999948 0.008402 -2.733743 -0.993987 -0.005017 -0.109382 112.375132 0.000000 0.000000 0.000000 1.000000
-0.110184 -0.011007 0.993851 79.529472 -0.007643 0.999919 0.010227 -2.739493 -0.993882 -0.006469 -0.110259 112.285833 0.000000 0.000000 0.000000 1.000000
-0.111463 -0.013086 0.993683 80.376966 -0.010610 0.999873 0.011977 -2.744310 -0.993712 -0.009208 -0.111588 112.196762 0.000000 0.000000 0.000000 1.000000
-0.113342 -0.014067 0.993457 81.229628 -0.009999 0.999866 0.013017 -2.747518 -0.993506 -0.008458 -0.113467 112.100423 0.000000 0.000000 0.000000 1.000000
-0.114731 -0.013753 0.993302 82.091691 -0.008951 0.999879 0.012810 -2.749054 -0.993357 -0.007421 -0.114840 112.000649 0.000000 0.000000 0.000000 1.000000
-0.116594 -0.012689 0.993099 82.955983 -0.009489 0.999888 0.011661 -2.751304 -0.993135 -0.008064 -0.116701 111.901133 0.000000 0.000000 0.000000 1.000000
-0.118444 -0.009893 0.992912 83.821322 -0.008466 0.999925 0.008953 -2.754222 -0.992925 -0.007346 -0.118519 111.796786 0.000000 0.000000 0.000000 1.000000
-0.118568 -0.005892 0.992929 84.680610 -0.006039 0.999969 0.005212 -2.757652 -0.992928 -0.005378 -0.118600 111.690146 0.000000 0.000000 0.000000 1.000000
-0.119234 -0.002429 0.992864 85.543700 -0.004656 0.999988 0.001887 -2.763715 -0.992856 -0.004398 -0.119244 111.584167 0.000000 0.000000 0.000000 1.000000
-0.119223 -0.002010 0.992866 86.413734 -0.003187 0.999994 0.001642 -2.771221 -0.992863 -0.002969 -0.119228 111.478387 0.000000 0.000000 0.000000 1.000000
-0.118613 -0.003184 0.992936 87.285033 0.000702 0.999995 0.003290 -2.779157 -0.992941 0.001087 -0.118610 111.369185 0.000000 0.000000 0.000000 1.000000
-0.118380 -0.004929 0.992957 88.160319 0.001366 0.999987 0.005127 -2.786908 -0.992968 0.001963 -0.118372 111.264720 0.000000 0.000000 0.000000 1.000000
-0.117837 -0.006139 0.993014 89.038749 0.001220 0.999980 0.006327 -2.793670 -0.993032 0.001957 -0.117828 111.161849 0.000000 0.000000 0.000000 1.000000
-0.116118 -0.008425 0.993200 89.910496 0.000071 0.999965 0.008491 -2.800300 -0.993236 0.001056 -0.116113 111.062950 0.000000 0.000000 0.000000 1.000000
-0.114329 -0.011405 0.993378 90.786903 0.001145 0.999933 0.011612 -2.805490 -0.993443 0.002465 -0.114309 110.961601 0.000000 0.000000 0.000000 1.000000
-0.112120 -0.015335 0.993577 91.670560 0.001682 0.999878 0.015622 -2.808774 -0.993694 0.003423 -0.112080 110.861765 0.000000 0.000000 0.000000 1.000000
-0.110332 -0.016538 0.993758 92.556178 0.000235 0.999862 0.016666 -2.811241 -0.993895 0.002073 -0.110313 110.767073 0.000000 0.000000 0.000000 1.000000
-0.108914 -0.012478 0.993973 93.433186 0.001968 0.999918 0.012768 -2.811983 -0.994050 0.003347 -0.108881 110.668995 0.000000 0.000000 0.000000 1.000000
-0.106784 -0.005608 0.994267 94.301795 0.001941 0.999982 0.005848 -2.814661 -0.994281 0.002555 -0.106771 110.576082 0.000000 0.000000 0.000000 1.000000
-0.104966 -0.002512 0.994473 95.175875 0.002078 0.999995 0.002746 -2.820797 -0.994474 0.002355 -0.104960 110.484166 0.000000 0.000000 0.000000 1.000000
