1.000000 0.000000 0.000000 0.000000 0.000000 1.000000 0.000000 0.000000 0.000000 0.000000 1.000000 0.000000 0.000000 0.000000 0.000000 1.000000
0.999996 -0.002216 -0.001592 0.002911 0.002215 0.999997 -0.000645 -0.020121 0.001593 0.000641 0.999999 0.619706 0.000000 0.000000 0.000000 1.000000
0.999994 -0.002862 -0.002133 0.002542 0.002858 0.999995 -0.001666 -0.041538 0.002137 0.001659 0.999996 1.243088 0.000000 0.000000 0.000000 1.000000
0.999990 -0.003281 -0.003174 0.000643 0.003274 0.999992 -0.002478 -0.060233 0.003183 0.002467 0.999992 1.858135 0.000000 0.000000 0.000000 1.000000
0.999974 -0.005627 -0.004625 0.001312 0.005610 0.999978 -0.003572 -0.080338 0.004645 0.003546 0.999983 2.470411 0.000000 0.000000 0.000000 1.000000
0.999948 -0.008181 -0.006052 0.001619 0.008152 0.999955 -0.004866 -0.100833 0.006092 0.004816 0.999970 3.080980 0.000000 0.000000 0.000000 1.000000
0.999931 -0.009483 -0.007024 -0.001080 0.009448 0.999943 -0.005019 -0.121871 0.007071 0.004952 0.999963 3.697590 0.000000 0.000000 0.000000 1.000000
0.999921 -0.009814 -0.007845 -0.005340 0.009785 0.999945 -0.003708 -0.142359 0.007881 0.003630 0.999962 4.330698 0.000000 0.000000 0.000000 1.000000
0.999911 -0.010243 -0.008596 -0.010473 0.010215 0.999942 -0.003362 -0.162975 0.008630 0.003274 0.999957 4.968773 0.000000 0.000000 0.000000 1.000000
0.999912 -0.009651 -0.009149 -0.019159 0.009600 0.999938 -0.005654 -0.183225 0.009203 0.005566 0.999942 5.608771 0.000000 0.000000 0.000000 1.000000
0.999920 -0.008165 -0.009676 -0.030533 0.008073 0.999923 -0.009486 -0.203824 0.009752 0.009407 0.999908 6.245012 0.000000 0.000000 0.000000 1.000000
0.999923 -0.006736 -0.010430 -0.042375 0.006602 0.999895 -0.012914 -0.225105 0.010516 0.012844 0.999862 6.883239 0.000000 0.000000 0.000000 1.000000
0.999927 -0.005206 -0.010941 -0.052886 0.005068 0.999907 -0.012651 -0.246741 0.011006 0.012595 0.999860 7.527231 0.000000 0.000000 0.000000 1.000000
0.999931 -0.002577 -0.011486 -0.063981 0.002504 0.999977 -0.006354 -0.266224 0.011502 0.006324 0.999914 8.189006 0.000000 0.000000 0.000000 1.000000
0.999925 -0.001487 -0.012193 -0.072356 0.001544 0.999988 0.004660 -0.281536 0.012186 -0.004679 0.999915 8.881142 0.000000 0.000000 0.000000 1.000000
0.999913 -0.000161 -0.013214 -0.083122 0.000322 0.999926 0.012172 -0.293005 0.013211 -0.012175 0.999839 9.580882 0.000000 0.000000 0.000000 1.000000
0.999893 0.001773 -0.014524 -0.098026 -0.001593 0.999922 0.012391 -0.301544 0.014545 -0.012366 0.999818 10.282409 0.000000 0.000000 0.000000 1.000000
0.999890 0.002930 -0.014526 -0.113167 -0.002842 0.999978 0.006049 -0.309163 0.014543 -0.006007 0.999876 10.986652 0.000000 0.000000 0.000000 1.000000
0.999891 0.002155 -0.014587 -0.124145 -0.002163 0.999998 -0.000535 -0.317141 0.014585 0.000567 0.999894 11.700590 0.000000 0.000000 0.000000 1.000000
0.999878 0.000308 -0.015650 -0.134037 -0.000305 1.000000 0.000213 -0.324886 0.015650 -0.000208 0.999878 12.445560 0.000000 0.000000 0.000000 1.000000
0.999868 -0.000164 -0.016277 -0.145433 0.000319 0.999954 0.009571 -0.330998 0.016275 -0.009575 0.999822 13.237858 0.000000 0.000000 0.000000 1.000000
0.999855 -0.000344 -0.017030 -0.158723 0.000660 0.999828 0.018559 -0.333685 0.017021 -0.018567 0.999683 14.056412 0.000000 0.000000 0.000000 1.000000
0.999842 -0.001235 -0.017755 -0.173651 0.001612 0.999773 0.021256 -0.332855 0.017725 -0.021281 0.999617 14.884179 0.000000 0.000000 0.000000 1.000000
0.999824 -0.003484 -0.018446 -0.186065 0.003854 0.999792 0.020023 -0.328574 0.018372 -0.020090 0.999629 15.715184 0.000000 0.000000 0.000000 1.000000
0.999821 -0.004301 -0.018443 -0.201173 0.004619 0.999841 0.017244 -0.323252 0.018366 -0.017327 0.999681 16.560975 0.000000 0.000000 0.000000 1.000000
0.999836 -0.002155 -0.017991 -0.221813 0.002413 0.999895 0.014319 -0.318645 0.017958 -0.014360 0.999736 17.422453 0.000000 0.000000 0.000000 1.000000
0.999831 -0.005126 -0.017663 -0.232162 0.005286 0.999945 0.009023 -0.315258 0.017616 -0.009115 0.999803 18.300902 0.000000 0.000000 0.000000 1.000000
0.999813 -0.008217 -0.017515 -0.241887 0.008274 0.999961 0.003209 -0.315487 0.017488 -0.003353 0.999841 19.201788 0.000000 0.000000 0.000000 1.000000
0.999825 -0.008433 -0.016710 -0.257025 0.008410 0.999964 -0.001446 -0.321326 0.016721 0.001305 0.999859 20.130387 0.000000 0.000000 0.000000 1.000000
0.999841 -0.007273 -0.016285 -0.275174 0.007244 0.999972 -0.001849 -0.330691 0.016298 0.001731 0.999866 21.078408 0.000000 0.000000 0.000000 1.000000
0.999837 -0.007094 -0.016614 -0.292520 0.007090 0.999975 -0.000320 -0.341107 0.016615 0.000203 0.999862 22.048778 0.000000 0.000000 0.000000 1.000000
0.999842 -0.005941 -0.016766 -0.311874 0.005929 0.999982 -0.000737 -0.352990 0.016770 0.000638 0.999859 23.024657 0.000000 0.000000 0.000000 1.000000
0.999856 -0.003710 -0.016553 -0.333272 0.003675 0.999991 -0.002143 -0.365656 0.016561 0.002082 0.999861 24.006552 0.000000 0.000000 0.000000 1.000000
0.999864 -0.000484 -0.016479 -0.356228 0.000444 0.999997 -0.002409 -0.379489 0.016480 0.002401 0.999861 25.003654 0.000000 0.000000 0.000000 1.000000
0.999863 0.001133 -0.016508 -0.377057 -0.001163 0.999998 -0.001800 -0.394134 0.016506 0.001819 0.999862 26.009938 0.000000 0.000000 0.000000 1.000000
0.999857 0.001727 -0.016810 -0.396909 -0.001749 0.999998 -0.001269 -0.408784 0.016808 0.001299 0.999858 27.016938 0.000000 0.000000 0.000000 1.000000
0.999851 0.001409 -0.017219 -0.415623 -0.001419 0.999999 -0.000559 -0.423096 0.017218 0.000583 0.999852 28.028467 0.000000 0.000000 0.000000 1.000000
0.999843 0.001850 -0.017650 -0.436104 -0.001835 0.999998 0.000842 -0.436947 0.017651 -0.000809 0.999844 29.047022 0.000000 0.000000 0.000000 1.000000
0.999832 0.002195 -0.018195 -0.457072 -0.002143 0.999994 0.002924 -0.449628 0.018201 -0.002885 0.999830 30.070813 0.000000 0.000000 0.000000 1.000000
0.999820 0.002588 -0.018812 -0.478930 -0.002512 0.999989 0.004059 -0.460773 0.018823 -0.004011 0.999815 31.092801 0.000000 0.000000 0.000000 1.000000
0.999805 0.002081 -0.019624 -0.499854 -0.002020 0.999993 0.003107 -0.470949 0.019630 -0.003067 0.999803 32.117836 0.000000 0.000000 0.000000 1.000000
0.999789 0.002884 -0.020369 -0.524611 -0.002846 0.999994 0.001892 -0.481932 0.020374 -0.001834 0.999791 33.152656 0.000000 0.000000 0.000000 1.000000
0.999774 0.002420 -0.021149 -0.548202 -0.002367 0.999994 0.002544 -0.492909 0.021155 -0.002493 0.999773 34.195285 0.000000 0.000000 0.000000 1.000000
0.999754 0.001609 -0.022134 -0.572557 -0.001495 0.999986 0.005148 -0.503316 0.022142 -0.005114 0.999742 35.249123 0.000000 0.000000 0.000000 1.000000
0.999738 0.001774 -0.022816 -0.599166 -0.001578 0.999962 0.008577 -0.512162 0.022830 -0.008538 0.999703 36.313016 0.000000 0.000000 0.000000 1.000000
0.999722 0.001773 -0.023501 -0.626881 -0.001516 0.999939 0.010916 -0.518624 0.023519 -0.010877 0.999664 37.386478 0.000000 0.000000 0.000000 1.000000
0.999708 0.001392 -0.024149 -0.655220 -0.001113 0.999933 0.011526 -0.523113 0.024163 -0.011496 0.999642 38.475285 0.000000 0.000000 0.000000 1.000000
0.999686 0.000727 -0.025037 -0.684056 -0.000480 0.999951 0.009862 -0.526148 0.025043 -0.009847 0.999638 39.575056 0.000000 0.000000 0.000000 1.000000
0.999663 0.000750 -0.025945 -0.715522 -0.000519 0.999960 0.008899 -0.530227 0.025950 -0.008882 0.999624 40.684310 0.000000 0.000000 0.000000 1.000000
0.999641 0.000425 -0.026783 -0.747575 -0.000156 0.999950 0.010046 -0.535394 0.026786 -0.010038 0.999591 41.801502 0.000000 0.000000 0.000000 1.000000
0.999616 0.000175 -0.027701 -0.780845 0.000162 0.999926 0.012180 -0.540746 0.027701 -0.012180 0.999542 42.921939 0.000000 0.000000 0.000000 1.000000
0.999593 0.000148 -0.028527 -0.815374 0.000271 0.999892 0.014665 -0.545331 0.028527 -0.014666 0.999485 44.050559 0.000000 0.000000 0.000000 1.000000
0.999573 0.001487 -0.029182 -0.853116 -0.001067 0.999896 0.014392 -0.549120 0.029201 -0.014354 0.999470 45.176745 0.000000 0.000000 0.000000 1.000000
0.999555 0.001758 -0.029787 -0.889536 -0.001441 0.999942 0.010650 -0.552527 0.029804 -0.010602 0.999499 46.300540 0.000000 0.000000 0.000000 1.000000
0.999533 0.002630 -0.030463 -0.927819 -0.002431 0.999976 0.006559 -0.558207 0.030479 -0.006482 0.999514 47.417912 0.000000 0.000000 0.000000 1.000000
0.999523 0.003527 -0.030699 -0.967122 -0.003350 0.999977 0.005824 -0.567290 0.030719 -0.005719 0.999512 48.542308 0.000000 0.000000 0.000000 1.000000
0.999511 0.003502 -0.031087 -1.005114 -0.003222 0.999954 0.009040 -0.577410 0.031117 -0.008935 0.999476 49.666227 0.000000 0.000000 0.000000 1.000000
0.999503 0.004397 -0.031220 -1.044414 -0.004034 0.999924 0.011674 -0.586427 0.031269 -0.011542 0.999444 50.792906 0.000000 0.000000 0.000000 1.000000
0.999497 0.002291 -0.031632 -1.079251 -0.001892 0.999919 0.012609 -0.593775 0.031658 -0.012543 0.999420 51.922310 0.000000 0.000000 0.000000 1.000000
0.999500 0.002646 -0.031504 -1.118243 -0.002278 0.999929 0.011686 -0.600669 0.031532 -0.011608 0.999435 53.053517 0.000000 0.000000 0.000000 1.000000
0.999514 0.000481 -0.031190 -1.152294 -0.000189 0.999956 0.009378 -0.608323 0.031193 -0.009367 0.999470 54.192614 0.000000 0.000000 0.000000 1.000000
0.999510 0.001256 -0.031276 -1.191588 -0.001025 0.999972 0.007399 -0.617485 0.031284 -0.007363 0.999483 55.332184 0.000000 0.000000 0.000000 1.000000
0.999506 0.000064 -0.031428 -1.227701 0.000094 0.999987 0.005018 -0.629351 0.031428 -0.005018 0.999493 56.468383 0.000000 0.000000 0.000000 1.000000
0.999504 -0.001419 -0.031484 -1.263233 0.001474 0.999997 0.001723 -0.644009 0.031482 -0.001768 0.999503 57.599163 0.000000 0.000000 0.000000 1.000000
0.999497 -0.003141 -0.031556 -1.298336 0.003139 0.999995 -0.000125 -0.661335 0.031556 0.000026 0.999502 58.725644 0.000000 0.000000 0.000000 1.000000
0.999487 -0.004593 -0.031712 -1.334537 0.004658 0.999987 0.001992 -0.680051 0.031702 -0.002138 0.999495 59.855177 0.000000 0.000000 0.000000 1.000000
0.999476 -0.005825 -0.031864 -1.371142 0.006081 0.999950 0.007941 -0.696421 0.031816 -0.008131 0.999461 60.991319 0.000000 0.000000 0.000000 1.000000
0.999459 -0.007174 -0.032117 -1.407731 0.007629 0.999872 0.014072 -0.708322 0.032012 -0.014309 0.999385 62.130589 0.000000 0.000000 0.000000 1.000000
0.999430 -0.008868 -0.032572 -1.443826 0.009362 0.999843 0.015036 -0.716008 0.032433 -0.015333 0.999356 63.272981 0.000000 0.000000 0.000000 1.000000
0.999383 -0.011997 -0.033031 -1.477126 0.012388 0.999855 0.011660 -0.721451 0.032887 -0.012062 0.999386 64.415781 0.000000 0.000000 0.000000 1.000000
0.999340 -0.014023 -0.033531 -1.513013 0.014308 0.999863 0.008275 -0.728070 0.033411 -0.008750 0.999403 65.557773 0.000000 0.000000 0.000000 1.000000
0.999349 -0.012446 -0.033862 -1.555904 0.012606 0.999910 0.004508 -0.737157 0.033803 -0.004932 0.999416 66.700148 0.000000 0.000000 0.000000 1.000000
0.999316 -0.013302 -0.034528 -1.595462 0.013321 0.999911 0.000322 -0.749885 0.034521 -0.000782 0.999404 67.831010 0.000000 0.000000 0.000000 1.000000
0.999335 -0.010467 -0.034942 -1.641753 0.010467 0.999945 -0.000180 -0.766425 0.034942 -0.000186 0.999389 68.961915 0.000000 0.000000 0.000000 1.000000
0.999375 -0.005730 -0.034888 -1.690405 0.005876 0.999974 0.004100 -0.783780 0.034863 -0.004302 0.999383 70.098554 0.000000 0.000000 0.000000 1.000000
0.999380 -0.004397 -0.034940 -1.734668 0.004640 0.999966 0.006884 -0.798844 0.034908 -0.007042 0.999366 71.233055 0.000000 0.000000 0.000000 1.000000
0.999359 -0.005092 -0.035460 -1.776668 0.005373 0.999955 0.007845 -0.811947 0.035419 -0.008031 0.999340 72.359954 0.000000 0.000000 0.000000 1.000000
0.999321 -0.006591 -0.036256 -1.817653 0.006909 0.999939 0.008674 -0.823923 0.036197 -0.008919 0.999305 73.491775 0.000000 0.000000 0.000000 1.000000
0.999281 -0.007923 -0.037088 -1.859711 0.008295 0.999917 0.009903 -0.835001 0.037006 -0.010204 0.999263 74.625244 0.000000 0.000000 0.000000 1.000000
0.999239 -0.009374 -0.037865 -1.902507 0.009831 0.999881 0.011891 -0.844888 0.037749 -0.012255 0.999212 75.761912 0.000000 0.000000 0.000000 1.000000
0.999192 -0.010556 -0.038801 -1.946814 0.011086 0.999848 0.013460 -0.853919 0.038653 -0.013880 0.999156 76.903543 0.000000 0.000000 0.000000 1.000000
0.999157 -0.011358 -0.039473 -1.992253 0.011861 0.999851 0.012529 -0.862698 0.039325 -0.012986 0.999142 78.039572 0.000000 0.000000 0.000000 1.000000
0.999129 -0.011524 -0.040103 -2.039438 0.011893 0.999889 0.008977 -0.873262 0.039995 -0.009446 0.999155 79.165016 0.000000 0.000000 0.000000 1.000000
0.999104 -0.011189 -0.040830 -2.088745 0.011490 0.999908 0.007157 -0.886001 0.040746 -0.007619 0.999140 80.294185 0.000000 0.000000 0.000000 1.000000
0.999109 -0.009108 -0.041231 -2.140632 0.009487 0.999914 0.009008 -0.899869 0.041145 -0.009392 0.999109 81.429568 0.000000 0.000000 0.000000 1.000000
0.999100 -0.008133 -0.041648 -2.191759 0.008707 0.999869 0.013620 -0.911714 0.041532 -0.013970 0.999039 82.577270 0.000000 0.000000 0.000000 1.000000
0.999093 -0.006594 -0.042086 -2.243935 0.007353 0.999813 0.017906 -0.919279 0.041960 -0.018199 0.998954 83.725058 0.000000 0.000000 0.000000 1.000000
0.999073 -0.005754 -0.042664 -2.296393 0.006566 0.999799 0.018930 -0.924637 0.042547 -0.019193 0.998910 84.872014 0.000000 0.000000 0.000000 1.000000
0.999041 -0.006096 -0.043376 -2.347782 0.006853 0.999826 0.017344 -0.928710 0.043263 -0.017625 0.998908 86.009888 0.000000 0.000000 0.000000 1.000000
0.999013 -0.006315 -0.043973 -2.400331 0.007059 0.999834 0.016787 -0.934334 0.043860 -0.017081 0.998892 87.153231 0.000000 0.000000 0.000000 1.000000
0.998982 -0.006680 -0.044616 -2.453228 0.007452 0.999825 0.017158 -0.941566 0.044494 -0.017473 0.998857 88.285587 0.000000 0.000000 0.000000 1.000000
0.998931 -0.007942 -0.045556 -2.505072 0.008769 0.999800 0.017987 -0.949898 0.045404 -0.018367 0.998800 89.394638 0.000000 0.000000 0.000000 1.000000
0.998868 -0.009529 -0.046617 -2.556590 0.010449 0.999755 0.019528 -0.957954 0.046419 -0.019993 0.998722 90.480173 0.000000 0.000000 0.000000 1.000000
0.998816 -0.009526 -0.047717 -2.610091 0.010589 0.999700 0.022071 -0.964204 0.047493 -0.022550 0.998617 91.538580 0.000000 0.000000 0.000000 1.000000
0.998751 -0.010263 -0.048919 -2.662498 0.011407 0.999667 0.023150 -0.969804 0.048665 -0.023679 0.998534 92.573266 0.000000 0.000000 0.000000 1.000000
0.998634 -0.011361 -0.051018 -2.714271 0.012569 0.999646 0.023433 -0.975275 0.050734 -0.024042 0.998423 93.579641 0.000000 0.000000 0.000000 1.000000
0.998453 -0.012417 -0.054200 -2.767219 0.013669 0.999647 0.022798 -0.981030 0.053898 -0.023503 0.998270 94.564209 0.000000 0.000000 0.000000 1.000000
0.998264 -0.012585 -0.057547 -2.823092 0.013880 0.999658 0.022161 -0.986882 0.057248 -0.022921 0.998097 95.525212 0.000000 0.000000 0.000000 1.000000
0.998045 -0.013024 -0.061135 -2.880010 0.014419 0.999645 0.022423 -0.992724 0.060822 -0.023261 0.997878 96.459805 0.000000 0.000000 0.000000 1.000000
0.997835 -0.012099 -0.064648 -2.940200 0.013649 0.999629 0.023583 -0.998353 0.064339 -0.024415 0.997629 97.366151 0.000000 0.000000 0.000000 1.000000
0.997637 -0.011218 -0.067790 -3.001520 0.012927 0.999608 0.024827 -1.003150 0.067485 -0.025645 0.997391 98.248346 0.000000 0.000000 0.000000 1.000000
0.997416 -0.010578 -0.071073 -3.063209 0.012479 0.999575 0.026354 -1.006813 0.070764 -0.027173 0.997123 99.099888 0.000000 0.000000 0.000000 1.000000
0.997215 -0.009294 -0.074005 -3.127358 0.011337 0.999565 0.027236 -1.009573 0.073720 -0.027999 0.996886 99.936264 0.000000 0.000000 0.000000 1.000000
0.997037 -0.007465 -0.076572 -3.193333 0.009620 0.999567 0.027815 -1.011731 0.076331 -0.028469 0.996676 100.754365 0.000000 0.000000 0.000000 1.000000
0.996828 -0.006023 -0.079364 -3.259896 0.008193 0.999601 0.027050 -1.014613 0.079169 -0.027614 0.996479 101.546185 0.000000 0.000000 0.000000 1.000000
0.996618 -0.005127 -0.082022 -3.324805 0.007095 0.999693 0.023730 -1.018782 0.081876 -0.024231 0.996348 102.296373 0.000000 0.000000 0.000000 1.000000
0.996446 -0.003438 -0.084176 -3.389327 0.005136 0.999788 0.019962 -1.024015 0.084089 -0.020323 0.996251 103.000587 0.000000 0.000000 0.000000 1.000000
0.996282 -0.001699 -0.086144 -3.451295 0.003231 0.999839 0.017651 -1.030467 0.086100 -0.017864 0.996126 103.666802 0.000000 0.000000 0.000000 1.000000
0.996192 0.000062 -0.087189 -3.510302 0.001449 0.999850 0.017267 -1.037851 0.087177 -0.017328 0.996042 104.306942 0.000000 0.000000 0.000000 1.000000
0.996241 0.002622 -0.086589 -3.566580 -0.001037 0.999831 0.018345 -1.045055 0.086622 -0.018186 0.996075 104.919271 0.000000 0.000000 0.000000 1.000000
0.996457 0.006655 -0.083853 -3.620435 -0.004944 0.999776 0.020604 -1.051298 0.083971 -0.020116 0.996265 105.509429 0.000000 0.000000 0.000000 1.000000
0.996873 0.010000 -0.078394 -3.666805 -0.008238 0.999707 0.022779 -1.057511 0.078599 -0.022062 0.996662 106.077208 0.000000 0.000000 0.000000 1.000000
0.997445 0.011106 -0.070583 -3.701846 -0.009377 0.999649 0.024789 -1.063678 0.070833 -0.024064 0.997198 106.623462 0.000000 0.000000 0.000000 1.000000
0.998074 0.011371 -0.060996 -3.727462 -0.009742 0.999590 0.026947 -1.069353 0.061277 -0.026301 0.997774 107.149763 0.000000 0.000000 0.000000 1.000000
0.998714 0.011167 -0.049471 -3.743813 -0.009774 0.999552 0.028311 -1.074435 0.049765 -0.027791 0.998374 107.655892 0.000000 0.000000 0.000000 1.000000
0.999288 0.010408 -0.036283 -3.750560 -0.009365 0.999542 0.028792 -1.078738 0.036566 -0.028432 0.998927 108.142246 0.000000 0.000000 0.000000 1.000000
0.999727 0.010103 -0.021119 -3.749558 -0.009505 0.999557 0.028198 -1.081464 0.021394 -0.027990 0.999379 108.613224 0.000000 0.000000 0.000000 1.000000
0.999951 0.009084 -0.004130 -3.739210 -0.008975 0.999632 0.025594 -1.083930 0.004361 -0.025556 0.999664 109.073169 0.000000 0.000000 0.000000 1.000000
0.999838 0.008713 0.015770 -3.719966 -0.009048 0.999733 0.021279 -1.086505 -0.015580 -0.021418 0.999649 109.527479 0.000000 0.000000 0.000000 1.000000
0.999236 0.007079 0.038441 -3.686221 -0.007721 0.999832 0.016598 -1.089721 -0.038317 -0.016882 0.999123 109.981896 0.000000 0.000000 0.000000 1.000000
0.997936 0.005256 0.064006 -3.638445 -0.006159 0.999884 0.013918 -1.094067 -0.063925 -0.014284 0.997852 110.434516 0.000000 0.000000 0.000000 1.000000
0.995678 0.002798 0.092837 -3.574490 -0.004016 0.999908 0.012932 -1.099356 -0.092792 -0.013249 0.995597 110.872917 0.000000 0.000000 0.000000 1.000000
0.992272 0.000557 0.124089 -3.496592 -0.002049 0.999927 0.011899 -1.104952 -0.124073 -0.012061 0.992200 111.294865 0.000000 0.000000 0.000000 1.000000
0.987425 -0.001976 0.158081 -3.404192 0.000230 0.999939 0.011067 -1.109832 -0.158093 -0.010891 0.987364 111.693523 0.000000 0.000000 0.000000 1.000000
0.980886 -0.005160 0.194520 -3.295377 0.003036 0.999933 0.011213 -1.114464 -0.194565 -0.010408 0.980834 112.081123 0.000000 0.000000 0.000000 1.000000
0.972573 -0.007245 0.232489 -3.173212 0.004879 0.999930 0.010750 -1.119139 -0.232550 -0.009321 0.972540 112.457202 0.000000 0.000000 0.000000 1.000000
0.962268 -0.006673 0.272024 -3.039263 0.004239 0.999946 0.009532 -1.123672 -0.272073 -0.008019 0.962243 112.824520 0.000000 0.000000 0.000000 1.000000
0.949155 -0.003938 0.314786 -2.891081 0.001232 0.999961 0.008794 -1.127463 -0.314808 -0.007959 0.949122 113.183924 0.000000 0.000000 0.000000 1.000000
0.933029 -0.004327 0.359778 -2.718143 0.001025 0.999956 0.009368 -1.132048 -0.359802 -0.008372 0.932991 113.534626 0.000000 0.000000 0.000000 1.000000
0.913602 -0.005557 0.406574 -2.529031 0.001357 0.999943 0.010617 -1.136026 -0.406609 -0.009148 0.913557 113.863707 0.000000 0.000000 0.000000 1.000000
0.891264 -0.007351 0.453427 -2.327323 0.002927 0.999941 0.010458 -1.140435 -0.453477 -0.007993 0.891232 114.168226 0.000000 0.000000 0.000000 1.000000
0.866683 -0.007726 0.498801 -2.116175 0.003896 0.999955 0.008719 -1.144250 -0.498845 -0.005613 0.866673 114.454289 0.000000 0.000000 0.000000 1.000000
0.840527 -0.006239 0.541735 -1.896288 0.003703 0.999977 0.005771 -1.147635 -0.541758 -0.002844 0.840530 114.726204 0.000000 0.000000 0.000000 1.000000
0.812614 -0.002301 0.582798 -1.665908 0.001187 0.999997 0.002294 -1.150417 -0.582801 -0.001172 0.812614 114.991913 0.000000 0.000000 0.000000 1.000000
0.782359 0.003036 0.622822 -1.423072 -0.003230 0.999995 -0.000817 -1.152821 -0.622820 -0.001372 0.782364 115.250930 0.000000 0.000000 0.000000 1.000000
0.748361 0.007254 0.663253 -1.157730 -0.007250 0.999970 -0.002756 -1.156403 -0.663253 -0.002746 0.748391 115.504067 0.000000 0.000000 0.000000 1.000000
0.710793 0.006536 0.703372 -0.863619 -0.006520 0.999975 -0.002704 -1.161624 -0.703371 -0.002664 0.710818 115.743608 0.000000 0.000000 0.000000 1.000000
0.669745 0.002007 0.742589 -0.553800 -0.002337 0.999997 -0.000595 -1.166075 -0.742588 -0.001337 0.669748 115.959444 0.000000 0.000000 0.000000 1.000000
0.625430 -0.000232 0.780281 -0.244576 -0.002733 0.999993 0.002488 -1.169576 -0.780276 -0.003688 0.625425 116.151359 0.000000 0.000000 0.000000 1.000000
0.579958 -0.003001 0.814642 0.079097 -0.002501 0.999982 0.005464 -1.173903 -0.814643 -0.005207 0.579940 116.328383 0.000000 0.000000 0.000000 1.000000
0.532934 -0.006358 0.846134 0.426786 -0.002447 0.999956 0.009055 -1.178098 -0.846153 -0.006896 0.532895 116.497852 0.000000 0.000000 0.000000 1.000000
0.483769 -0.010703 0.875131 0.784141 -0.000969 0.999918 0.012765 -1.182357 -0.875196 -0.007023 0.483718 116.644587 0.000000 0.000000 0.000000 1.000000
0.433484 -0.012226 0.901079 1.150105 -0.004696 0.999864 0.015825 -1.185316 -0.901149 -0.011092 0.433367 116.780440 0.000000 0.000000 0.000000 1.000000
0.383319 -0.009414 0.923569 1.529584 -0.010049 0.999847 0.014362 -1.187445 -0.923561 -0.014786 0.383166 116.906087 0.000000 0.000000 0.000000 1.000000
0.332901 -0.006101 0.942943 1.923634 -0.011519 0.999878 0.010536 -1.190353 -0.942892 -0.014369 0.332790 117.009343 0.000000 0.000000 0.000000 1.000000
0.283893 -0.004181 0.958848 2.342428 -0.011711 0.999901 0.007828 -1.192459 -0.958785 -0.013451 0.283815 117.099096 0.000000 0.000000 0.000000 1.000000
0.239259 -0.005211 0.970943 2.786632 -0.004892 0.999967 0.006573 -1.193658 -0.970944 -0.006322 0.239225 117.168103 0.000000 0.000000 0.000000 1.000000
0.199314 -0.005780 0.979919 3.239202 0.002953 0.999982 0.005298 -1.193703 -0.979931 0.001838 0.199327 117.221541 0.000000 0.000000 0.000000 1.000000
0.165717 -0.005247 0.986160 3.700145 0.007540 0.999964 0.004054 -1.194488 -0.986145 0.006764 0.165751 117.270416 0.000000 0.000000 0.000000 1.000000
0.135414 -0.006122 0.990771 4.175734 0.005867 0.999969 0.005377 -1.195730 -0.990772 0.005085 0.135446 117.318843 0.000000 0.000000 0.000000 1.000000
0.107266 -0.010276 0.994178 4.670247 -0.000540 0.999946 0.010394 -1.195010 -0.994230 -0.001652 0.107254 117.364941 0.000000 0.000000 0.000000 1.000000
0.081859 -0.015287 0.996527 5.190308 -0.005492 0.999861 0.015789 -1.192947 -0.996629 -0.006765 0.081764 117.400491 0.000000 0.000000 0.000000 1.000000
0.059297 -0.017698 0.998084 5.729087 -0.003517 0.999833 0.017938 -1.190932 -0.998234 -0.004574 0.059225 117.416397 0.000000 0.000000 0.000000 1.000000
0.039671 -0.017056 0.999068 6.295261 0.003141 0.999852 0.016945 -1.186562 -0.999208 0.002466 0.039719 117.416982 0.000000 0.000000 0.000000 1.000000
0.021614 -0.014371 0.999664 6.885131 0.008088 0.999867 0.014199 -1.182269 -0.999734 0.007778 0.021728 117.411401 0.000000 0.000000 0.000000 1.000000
0.005597 -0.008946 0.999945 7.482616 0.009540 0.999915 0.008892 -1.179066 -0.999939 0.009490 0.005682 117.404351 0.000000 0.000000 0.000000 1.000000
-0.007241 -0.004302 0.999965 8.101667 0.007156 0.999965 0.004354 -1.175747 -0.999948 0.007187 -0.007210 117.399808 0.000000 0.000000 0.000000 1.000000
-0.014669 -0.004052 0.999885 8.743383 0.009067 0.999950 0.004185 -1.173433 -0.999851 0.009128 -0.014631 117.383629 0.000000 0.000000 0.000000 1.000000
-0.017589 -0.007412 0.999819 9.411690 0.014041 0.999872 0.007660 -1.169424 -0.999747 0.014173 -0.017483 117.361756 0.000000 0.000000 0.000000 1.000000
-0.018802 -0.009537 0.999778 10.083340 0.017071 0.999806 0.009858 -1.166233 -0.999678 0.017252 -0.018636 117.343126 0.000000 0.000000 0.000000 1.000000
-0.017356 -0.009802 0.999802 10.758010 0.016933 0.999806 0.010096 -1.163515 -0.999706 0.017105 -0.017186 117.333164 0.000000 0.000000 0.000000 1.000000
-0.015758 -0.009396 0.999832 11.444928 0.012612 0.999875 0.009595 -1.159968 -0.999796 0.012761 -0.015637 117.331806 0.000000 0.000000 0.000000 1.000000
-0.014838 -0.007844 0.999860 12.150632 0.012091 0.999895 0.008023 -1.158852 -0.999817 0.012209 -0.014742 117.325077 0.000000 0.000000 0.000000 1.000000
-0.013539 -0.006842 0.999886 12.877729 0.011216 0.999913 0.006994 -1.158447 -0.999845 0.011309 -0.013461 117.319448 0.000000 0.000000 0.000000 1.000000
-0.012766 -0.006909 0.999895 13.616768 0.011025 0.999915 0.007050 -1.159670 -0.999858 0.011114 -0.012688 117.312305 0.000000 0.000000 0.000000 1.000000
-0.012522 -0.008223 0.999889 14.368189 0.009501 0.999920 0.008342 -1.161805 -0.999877 0.009604 -0.012443 117.306531 0.000000 0.000000 0.000000 1.000000
-0.012324 -0.009663 0.999878 15.126471 0.010443 0.999898 0.009792 -1.164154 -0.999870 0.010562 -0.012222 117.297205 0.000000 0.000000 0.000000 1.000000
-0.012598 -0.011919 0.999850 15.902659 0.011407 0.999862 0.012063 -1.166968 -0.999856 0.011557 -0.012460 117.287074 0.000000 0.000000 0.000000 1.000000
-0.013614 -0.013816 0.999813 16.686191 0.009352 0.999859 0.013944 -1.169427 -0.999864 0.009540 -0.013483 117.280219 0.000000 0.000000 0.000000 1.000000
-0.014921 -0.014953 0.999778 17.481422 0.007786 0.999856 0.015071 -1.170699 -0.999858 0.008009 -0.014803 117.271814 0.000000 0.000000 0.000000 1.000000
-0.016254 -0.017104 0.999722 18.289314 0.009817 0.999803 0.017265 -1.170328 -0.999820 0.010095 -0.016083 117.256687 0.000000 0.000000 0.000000 1.000000
-0.016627 -0.018706 0.999688 19.109819 0.012019 0.999749 0.018907 -1.168878 -0.999790 0.012329 -0.016398 117.240698 0.000000 0.000000 0.000000 1.000000
-0.017709 -0.019589 0.999652 19.948038 0.007964 0.999774 0.019732 -1.166726 -0.999812 0.008311 -0.017548 117.233231 0.000000 0.000000 0.000000 1.000000
-0.019223 -0.015140 0.999701 20.780203 0.005840 0.999867 0.015255 -1.165249 -0.999798 0.006132 -0.019131 117.222915 0.000000 0.000000 0.000000 1.000000
-0.019762 -0.009710 0.999758 21.612186 0.007376 0.999924 0.009857 -1.165422 -0.999778 0.007569 -0.019689 117.204608 0.000000 0.000000 0.000000 1.000000
-0.020243 -0.007377 0.999769 22.446660 0.008094 0.999939 0.007542 -1.168768 -0.999762 0.008245 -0.020182 117.187352 0.000000 0.000000 0.000000 1.000000
-0.021051 -0.009065 0.999738 23.286905 0.004945 0.999946 0.009171 -1.174100 -0.999766 0.005137 -0.021005 117.175062 0.000000 0.000000 0.000000 1.000000
-0.021520 -0.012895 0.999686 24.134817 0.002287 0.999914 0.012947 -1.178954 -0.999766 0.002565 -0.021488 117.161704 0.000000 0.000000 0.000000 1.000000
-0.021298 -0.018162 0.999609 24.991976 0.001021 0.999834 0.018187 -1.181666 -0.999773 0.001408 -0.021276 117.146265 0.000000 0.000000 0.000000 1.000000
-0.021212 -0.023713 0.999495 25.857005 -0.001687 0.999718 0.023683 -1.182147 -0.999774 -0.001184 -0.021246 117.132766 0.000000 0.000000 0.000000 1.000000
-0.021070 -0.025291 0.999459 26.717507 -0.004275 0.999673 0.025207 -1.180506 -0.999769 -0.003741 -0.021170 117.119393 0.000000 0.000000 0.000000 1.000000
-0.019525 -0.019143 0.999627 27.563134 -0.001872 0.999816 0.019110 -1.177668 -0.999808 -0.001498 -0.019557 117.098788 0.000000 0.000000 0.000000 1.000000
-0.017846 -0.008097 0.999809 28.399691 0.001098 0.999967 0.008118 -1.178336 -0.999840 0.001242 -0.017836 117.077389 0.000000 0.000000 0.000000 1.000000
-0.017030 -0.001487 0.999855 29.234268 0.003885 0.999992 0.001554 -1.184454 -0.999848 0.003911 -0.017024 117.057493 0.000000 0.000000 0.000000 1.000000
-0.015449 -0.005595 0.999866 30.087798 0.005334 0.999970 0.005678 -1.192824 -0.999867 0.005421 -0.015419 117.042615 0.000000 0.000000 0.000000 1.000000
-0.013441 -0.013638 0.999818 30.946398 0.008105 0.999873 0.013748 -1.199940 -0.999877 0.008288 -0.013328 117.027093 0.000000 0.000000 0.000000 1.000000
-0.012334 -0.017769 0.999767 31.793834 0.009987 0.999790 0.017892 -1.205662 -0.999874 0.010205 -0.012154 117.014455 0.000000 0.000000 0.000000 1.000000
-0.011551 -0.017811 0.999776 32.626757 0.009506 0.999794 0.017921 -1.210207 -0.999888 0.009711 -0.011379 117.006627 0.000000 0.000000 0.000000 1.000000
-0.011632 -0.016771 0.999793 33.453313 0.006897 0.999834 0.016852 -1.213658 -0.999909 0.007091 -0.011514 117.002215 0.000000 0.000000 0.000000 1.000000
-0.012710 -0.016584 0.999783 34.275555 0.005101 0.999849 0.016650 -1.217092 -0.999906 0.005311 -0.012624 116.995504 0.000000 0.000000 0.000000 1.000000
-0.014018 -0.016877 0.999760 35.100984 0.004758 0.999845 0.016945 -1.220405 -0.999891 0.004994 -0.013936 116.985317 0.000000 0.000000 0.000000 1.000000
-0.015950 -0.016729 0.999734 35.917037 0.004261 0.999850 0.016799 -1.224414 -0.999864 0.004528 -0.015876 116.973577 0.000000 0.000000 0.000000 1.000000
-0.018141 -0.016369 0.999702 36.727022 0.002974 0.999861 0.016425 -1.228386 -0.999831 0.003271 -0.018090 116.961226 0.000000 0.000000 0.000000 1.000000
-0.020435 -0.017253 0.999643 37.537533 0.001314 0.999850 0.017284 -1.232235 -0.999790 0.001667 -0.020409 116.947002 0.000000 0.000000 0.000000 1.000000
-0.022324 -0.018797 0.999575 38.343520 0.001952 0.999821 0.018845 -1.235489 -0.999749 0.002372 -0.022283 116.928041 0.000000 0.000000 0.000000 1.000000
-0.024487 -0.019481 0.999511 39.144140 0.001918 0.999808 0.019534 -1.238945 -0.999698 0.002395 -0.024445 116.908284 0.000000 0.000000 0.000000 1.000000
-0.026967 -0.019075 0.999455 39.925751 0.001945 0.999815 0.019135 -1.242197 -0.999635 0.002460 -0.026925 116.886934 0.000000 0.000000 0.000000 1.000000
-0.028519 -0.019531 0.999403 40.704196 0.002751 0.999804 0.019617 -1.244425 -0.999590 0.003309 -0.028459 116.863222 0.000000 0.000000 0.000000 1.000000
-0.029891 -0.021216 0.999329 41.484883 0.004809 0.999760 0.021369 -1.245889 -0.999542 0.005445 -0.029782 116.835920 0.000000 0.000000 0.000000 1.000000
-0.031344 -0.022590 0.999254 42.265227 0.005075 0.999728 0.022760 -1.247343 -0.999496 0.005785 -0.031221 116.810672 0.000000 0.000000 0.000000 1.000000
-0.032741 -0.023498 0.999188 43.043605 0.004303 0.999711 0.023651 -1.248612 -0.999455 0.005074 -0.032630 116.786014 0.000000 0.000000 0.000000 1.000000
-0.034283 -0.024887 0.999103 43.812920 0.002386 0.999685 0.024983 -1.249866 -0.999409 0.003241 -0.034212 116.761924 0.000000 0.000000 0.000000 1.000000
-0.035447 -0.026290 0.999027 44.562205 0.001165 0.999652 0.026347 -1.250550 -0.999371 0.002098 -0.035404 116.736740 0.000000 0.000000 0.000000 1.000000
-0.036252 -0.026682 0.998987 45.295079 0.001285 0.999642 0.026747 -1.251229 -0.999342 0.002253 -0.036204 116.710040 0.000000 0.000000 0.000000 1.000000
-0.037103 -0.024429 0.999014 46.017603 0.001529 0.999699 0.024502 -1.250949 -0.999310 0.002437 -0.037054 116.683333 0.000000 0.000000 0.000000 1.000000
-0.037719 -0.021638 0.999055 46.748473 0.002017 0.999762 0.021729 -1.250271 -0.999286 0.002834 -0.037666 116.655617 0.000000 0.000000 0.000000 1.000000
-0.038298 -0.020607 0.999055 47.488094 0.000019 0.999787 0.020623 -1.249345 -0.999266 0.000809 -0.038289 116.631427 0.000000 0.000000 0.000000 1.000000
-0.038960 -0.020632 0.999029 48.228513 0.000556 0.999786 0.020669 -1.249563 -0.999241 0.001361 -0.038940 116.602274 0.000000 0.000000 0.000000 1.000000
-0.039228 -0.021676 0.998996 48.971301 0.001719 0.999762 0.021760 -1.249056 -0.999229 0.002571 -0.039181 116.571685 0.000000 0.000000 0.000000 1.000000
-0.039696 -0.022908 0.998950 49.708305 0.002607 0.999732 0.023029 -1.248622 -0.999208 0.003519 -0.039625 116.541293 0.000000 0.000000 0.000000 1.000000
-0.040572 -0.023360 0.998904 50.431411 -0.000976 0.999727 0.023340 -1.247178 -0.999176 -0.000028 -0.040583 116.517939 0.000000 0.000000 0.000000 1.000000
-0.041193 -0.023688 0.998871 51.156156 -0.003687 0.999716 0.023556 -1.245290 -0.999144 -0.002712 -0.041269 116.493023 0.000000 0.000000 0.000000 1.000000
-0.041307 -0.025438 0.998823 51.875627 -0.002109 0.999676 0.025373 -1.243367 -0.999144 -0.001059 -0.041347 116.461322 0.000000 0.000000 0.000000 1.000000
-0.042438 -0.026443 0.998750 52.581802 -0.001231 0.999650 0.026415 -1.242365 -0.999098 -0.000109 -0.042455 116.429653 0.000000 0.000000 0.000000 1.000000
-0.045654 -0.026947 0.998595 53.281633 -0.004133 0.999633 0.026786 -1.240739 -0.998949 -0.002904 -0.045748 116.401335 0.000000 0.000000 0.000000 1.000000
-0.050736 -0.027335 0.998339 53.977983 -0.008570 0.999601 0.026934 -1.238156 -0.998675 -0.007189 -0.050950 116.371857 0.000000 0.000000 0.000000 1.000000
-0.056291 -0.023986 0.998127 54.672355 -0.006083 0.999701 0.023681 -1.237353 -0.998396 -0.004739 -0.056420 116.326180 0.000000 0.000000 0.000000 1.000000
-0.062848 -0.021291 0.997797 55.363365 -0.003647 0.999771 0.021103 -1.237234 -0.998017 -0.002313 -0.062911 116.275287 0.000000 0.000000 0.000000 1.000000
-0.070388 -0.019504 0.997330 56.049168 -0.004573 0.999805 0.019230 -1.237254 -0.997509 -0.003207 -0.070463 116.226106 0.000000 0.000000 0.000000 1.000000
-0.077512 -0.020297 0.996786 56.742879 -0.008444 0.999770 0.019701 -1.235648 -0.996956 -0.006890 -0.077665 116.176074 0.000000 0.000000 0.000000 1.000000
-0.083815 -0.021785 0.996244 57.439093 -0.009832 0.999731 0.021035 -1.234312 -0.996433 -0.008032 -0.084006 116.117354 0.000000 0.000000 0.000000 1.000000
-0.089271 -0.021903 0.995768 58.135516 -0.012071 0.999709 0.020907 -1.232034 -0.995934 -0.010154 -0.089509 116.057212 0.000000 0.000000 0.000000 1.000000
-0.094224 -0.022718 0.995293 58.840821 -0.014780 0.999662 0.021419 -1.228272 -0.995441 -0.012692 -0.094527 115.993945 0.000000 0.000000 0.000000 1.000000
-0.098231 -0.025533 0.994837 59.559316 -0.014226 0.999605 0.024251 -1.223359 -0.995062 -0.011771 -0.098555 115.920730 0.000000 0.000000 0.000000 1.000000
-0.100699 -0.028836 0.994500 60.288841 -0.012318 0.999540 0.027735 -1.216673 -0.994841 -0.009457 -0.101007 115.843172 0.000000 0.000000 0.000000 1.000000
-0.102389 -0.031870 0.994235 61.029863 -0.012346 0.999451 0.030766 -1.208323 -0.994668 -0.009125 -0.102726 115.766509 0.000000 0.000000 0.000000 1.000000
-0.104446 -0.032616 0.993997 61.777200 -0.012689 0.999425 0.031461 -1.198927 -0.994450 -0.009327 -0.104800 115.688791 0.000000 0.000000 0.000000 1.000000
-0.106005 -0.029399 0.993932 62.521827 -0.011691 0.999531 0.028317 -1.189300 -0.994297 -0.008618 -0.106299 115.608316 0.000000 0.000000 0.000000 1.000000
-0.106716 -0.025324 0.993968 63.275876 -0.006492 0.999672 0.024772 -1.180184 -0.994269 -0.003809 -0.106845 115.518627 0.000000 0.000000 0.000000 1.000000
-0.106881 -0.021015 0.994051 64.036806 0.001117 0.999774 0.021256 -1.172975 -0.994271 0.003382 -0.106833 115.424411 0.000000 0.000000 0.000000 1.000000
-0.107491 -0.019741 0.994011 64.800351 0.002758 0.999793 0.020154 -1.169118 -0.994202 0.004908 -0.107414 115.338902 0.000000 0.000000 0.000000 1.000000
-0.107814 -0.022315 0.993922 65.568028 0.001163 0.999745 0.022572 -1.166228 -0.994171 0.003590 -0.107760 115.257967 0.000000 0.000000 0.000000 1.000000
-0.107843 -0.027467 0.993789 66.335479 0.000750 0.999616 0.027709 -1.162550 -0.994168 0.003733 -0.107781 115.175099 0.000000 0.000000 0.000000 1.000000
-0.107260 -0.029616 0.993791 67.084612 0.003425 0.999540 0.030157 -1.158090 -0.994225 0.006638 -0.107109 115.090621 0.000000 0.000000 0.000000 1.000000
-0.107438 -0.029372 0.993779 67.822616 0.004103 0.999542 0.029986 -1.154095 -0.994204 0.007299 -0.107268 115.010623 0.000000 0.000000 0.000000 1.000000
-0.108721 -0.027758 0.993686 68.559190 0.002734 0.999598 0.028222 -1.149712 -0.994069 0.005785 -0.108601 114.933390 0.000000 0.000000 0.000000 1.000000
-0.110656 -0.026640 0.993503 69.298743 0.002534 0.999630 0.027087 -1.146019 -0.993856 0.005515 -0.110547 114.852060 0.000000 0.000000 0.000000 1.000000
-0.112819 -0.026342 0.993267 70.047929 0.003118 0.999635 0.026865 -1.142384 -0.993611 0.006128 -0.112696 114.766249 0.000000 0.000000 0.000000 1.000000
-0.114956 -0.026064 0.993030 70.806040 0.004153 0.999635 0.026718 -1.138188 -0.993362 0.007196 -0.114806 114.676766 0.000000 0.000000 0.000000 1.000000
-0.116909 -0.026464 0.992791 71.569361 0.004084 0.999624 0.027128 -1.133200 -0.993134 0.007226 -0.116757 114.587119 0.000000 0.000000 0.000000 1.000000
-0.119283 -0.026423 0.992510 72.326532 0.001822 0.999639 0.026832 -1.127196 -0.992859 0.005009 -0.119191 114.499918 0.000000 0.000000 0.000000 1.000000
-0.120832 -0.025496 0.992347 73.094521 0.002242 0.999661 0.025957 -1.120924 -0.992671 0.005361 -0.120734 114.406523 0.000000 0.000000 0.000000 1.000000
-0.121905 -0.025760 0.992209 73.876081 0.000882 0.999661 0.026062 -1.113742 -0.992542 0.004052 -0.121841 114.313489 0.000000 0.000000 0.000000 1.000000
-0.123259 -0.026061 0.992034 74.663917 0.001004 0.999652 0.026386 -1.106118 -0.992374 0.004249 -0.123189 114.216468 0.000000 0.000000 0.000000 1.000000
-0.124555 -0.027920 0.991821 75.470495 0.001383 0.999599 0.028313 -1.096202 -0.992212 0.004898 -0.124466 114.115445 0.000000 0.000000 0.000000 1.000000
-0.125782 -0.030863 0.991579 76.293716 -0.000559 0.999519 0.031040 -1.084404 -0.992058 0.003350 -0.125738 114.014427 0.000000 0.000000 0.000000 1.000000
-0.126969 -0.033495 0.991342 77.123704 -0.003867 0.999439 0.033274 -1.070668 -0.991900 0.000391 -0.127027 113.914208 0.000000 0.000000 0.000000 1.000000
-0.128426 -0.034302 0.991127 77.955320 -0.003416 0.999412 0.034146 -1.055437 -0.991714 0.000999 -0.128467 113.807422 0.000000 0.000000 0.000000 1.000000
-0.129715 -0.033929 0.990972 78.797648 -0.002194 0.999422 0.033932 -1.038719 -0.991549 0.002228 -0.129714 113.696265 0.000000 0.000000 0.000000 1.000000
-0.131137 -0.032610 0.990829 79.641348 -0.002557 0.999467 0.032556 -1.022430 -0.991361 0.001736 -0.131150 113.586590 0.000000 0.000000 0.000000 1.000000
-0.132919 -0.028850 0.990708 80.488953 -0.002024 0.999583 0.028837 -1.006052 -0.991125 0.001828 -0.132922 113.472806 0.000000 0.000000 0.000000 1.000000
-0.133077 -0.024700 0.990799 81.336540 0.000174 0.999689 0.024945 -0.991053 -0.991106 0.003492 -0.133031 113.355373 0.000000 0.000000 0.000000 1.000000
-0.133378 -0.020659 0.990851 82.188078 0.001698 0.999777 0.021073 -0.978754 -0.991064 0.004493 -0.133313 113.238266 0.000000 0.000000 0.000000 1.000000
-0.133125 -0.019718 0.990904 83.041870 0.003307 0.999788 0.020339 -0.968402 -0.991094 0.005985 -0.133031 113.121261 0.000000 0.000000 0.000000 1.000000
-0.132079 -0.020366 0.991031 83.897787 0.007356 0.999742 0.021525 -0.958722 -0.991212 0.010133 -0.131895 113.000564 0.000000 0.000000 0.000000 1.000000
-0.131684 -0.022796 0.991031 84.757858 0.007921 0.999680 0.024047 -0.950890 -0.991260 0.011016 -0.131461 112.886278 0.000000 0.000000 0.000000 1.000000
-0.131153 -0.024795 0.991053 85.616528 0.008042 0.999628 0.026074 -0.942457 -0.991330 0.011390 -0.130904 112.773428 0.000000 0.000000 0.000000 1.000000
-0.130116 -0.027708 0.991113 86.478057 0.007052 0.999559 0.028870 -0.932432 -0.991474 0.010746 -0.129863 112.662558 0.000000 0.000000 0.000000 1.000000
-0.128737 -0.031268 0.991187 87.344874 0.008412 0.999433 0.032621 -0.920367 -0.991643 0.012538 -0.128400 112.549227 0.000000 0.000000 0.000000 1.000000
-0.127338 -0.034729 0.991252 88.216122 0.009366 0.999301 0.036214 -0.906142 -0.991815 0.013896 -0.126924 112.436966 0.000000 0.000000 0.000000 1.000000
-0.125681 -0.035114 0.991450 89.085988 0.007925 0.999306 0.036397 -0.890387 -0.992039 0.012431 -0.125315 112.329873 0.000000 0.000000 0.000000 1.000000
-0.124355 -0.030775 0.991762 89.954630 0.009496 0.999437 0.032204 -0.872641 -0.992193 0.013423 -0.123992 112.218416 0.000000 0.000000 0.000000 1.000000
-0.122950 -0.024628 0.992109 90.815781 0.009822 0.999613 0.026032 -0.857416 -0.992365 0.012945 -0.122660 112.111041 0.000000 0.000000 0.000000 1.000000
-0.121700 -0.020688 0.992353 91.680605 0.009725 0.999710 0.022034 -0.844395 -0.992520 0.012332 -0.121463 112.005497 0.000000 0.000000 0.000000 1.000000
